0.020355,-1.000305,0.143814
-0.021817,0.034828,-0.002132
--
0.043015,-0.974243,0.161560
0.003622,0.013955,0.000326
--
0.068817,-0.966888,0.184418
0.020225,0.000633,0.004520
--
0.046707,-0.973465,0.221771
-0.013138,0.032019,-0.005971
--
-0.006210,-0.962234,0.200531
-0.061758,0.041223,-0.000579
--
-0.055252,-0.959656,0.200089
-0.078224,0.006181,0.020070
--
-0.011566,-0.979034,0.116745
-0.015456,-0.000258,-0.026311
--
-0.031326,-1.016083,0.158310
-0.040447,-0.044846,0.057110
--
-0.030472,-1.020813,0.238297
-0.013779,0.008873,0.074127
--
-0.035782,-1.048584,0.207870
-0.014387,0.034695,-0.006290
--
-0.012817,-1.029739,0.137848
0.000635,0.017319,-0.050844
--
0.010895,-0.937363,0.126465
0.023649,0.068573,-0.022349
--
0.020248,-0.918289,0.109619
0.033819,0.064940,0.002992
--
0.048752,-0.887436,0.067169
0.046459,0.092797,-0.042283
--
0.039597,-0.912369,0.021912
-0.004160,0.061247,-0.061203
--
0.081055,-0.923462,0.027267
0.015066,0.033847,-0.029635
--
0.099838,-0.971268,0.089981
0.023517,0.007272,0.007839
--
0.125046,-0.985001,0.080414
-0.012196,-0.011480,-0.022359
--
0.112366,-1.036163,0.048172
-0.004363,-0.062558,-0.019516
--
0.057938,-1.054581,0.011353
-0.016439,-0.067749,-0.016685
--
0.043152,-1.028503,0.015945
-0.005003,-0.029929,-0.007073
--
0.057510,-1.025040,0.015060
0.002319,-0.009405,0.005759
--
0.040268,-1.024902,-0.012695
0.009344,-0.015956,-0.012266
--
0.037994,-0.995728,-0.037613
0.002271,0.014154,-0.008747
--
-0.000671,-0.981369,-0.015350
-0.015081,0.006077,0.027448
--
0.009262,-1.000778,-0.043732
0.005849,0.010537,-0.023946
--
0.006165,-0.984863,-0.036987
0.012665,0.010189,0.002691
--
-0.003281,-0.998169,-0.027069
-0.004000,0.005372,0.018403
--
-0.010910,-1.000137,-0.044891
0.004600,0.001888,0.017055
--
0.027267,-0.983673,-0.042725
0.021078,-0.016425,0.005084
--
0.013916,-0.986481,-0.063522
0.013744,-0.016607,-0.006362
--
-0.004761,-1.023300,-0.069321
-0.011123,-0.024991,-0.005446
--
0.005005,-1.033539,-0.076065
0.004202,-0.033277,0.008158
--
-0.007614,-1.021729,-0.100937
0.006429,0.014276,-0.024524
--
0.018631,-1.050522,-0.064957
0.032722,-0.050935,0.014242
--
0.019516,-1.042816,-0.072906
0.017522,-0.063590,-0.000248
--
-0.002487,-0.987305,-0.022232
-0.005201,0.010926,0.037159
--
-0.023346,-1.003693,-0.045959
-0.053861,-0.038196,-0.013798
--
0.005661,-1.016357,-0.042633
-0.006675,-0.002944,-0.024058
--
-0.006714,-1.022141,-0.062439
-0.004771,-0.014235,-0.001857
--
0.007568,-1.014542,-0.049545
0.015962,-0.031495,0.004752
--
-0.007263,-0.983765,-0.057800
0.000909,0.013582,-0.009922
--
-0.011063,-0.986511,-0.054886
-0.001059,0.007160,0.018409
--
-0.001129,-1.013199,-0.041748
0.012869,-0.004630,0.006939
--
0.004730,-1.017471,-0.053497
0.015378,-0.015165,0.009625
