0.066092,-0.975453,0.210056
-0.209347,0.214043,0.067694
--
0.054052,-0.979839,0.192337
-0.159600,0.183631,0.091313
--
0.038411,-0.981066,0.189825
0.010093,-0.046896,0.283659
--
0.023429,-0.978696,0.203973
0.410959,0.014645,0.187247
--
0.016359,-0.977713,0.209306
-0.102754,-0.007658,-0.015521
--
0.013707,-0.978313,0.206678
-0.124236,0.279852,-0.086281
--
0.021708,-0.982508,0.184951
-0.322568,0.044920,-0.011594
--
0.022565,-0.986405,0.162774
-0.348037,0.082578,0.094989
--
0.008287,-0.988664,0.149914
-0.145429,-0.096457,0.294960
--
-0.007638,-0.989296,0.145721
-0.193656,0.058029,0.057661
--
-0.020918,-0.991923,0.125101
-0.384258,0.131241,0.032853
--
-0.028985,-0.995418,0.091123
-0.479009,0.139006,-0.041894
--
-0.038510,-0.996100,0.079387
-0.104783,0.265093,0.062854
--
-0.046757,-0.996699,0.066376
-0.182657,0.164437,0.041432
--
-0.040911,-0.998313,0.041194
-0.139085,0.119967,-0.039309
--
-0.032622,-0.999066,0.028338
-0.082372,-0.117136,-0.156589
--
-0.019472,-0.999568,0.022007
0.130401,0.070369,-0.070643
--
-0.023351,-0.999340,0.027831
-0.008343,-0.181933,0.044698
--
-0.009578,-0.999866,0.013262
-0.139141,0.076305,-0.167971
--
0.003780,-0.999983,0.004377
-0.102781,0.048867,-0.196108
--
0.013734,-0.999813,0.013592
0.150947,-0.029749,-0.006496
--
0.023242,-0.999601,0.016025
-0.102690,0.082954,-0.186776
--
0.033309,-0.999432,0.005034
-0.357872,-0.035926,-0.129538
--
0.042630,-0.998445,-0.035918
-0.257214,-0.103242,0.066731
--
0.040424,-0.996770,-0.069391
-0.178206,-0.005032,0.282730
--
0.035842,-0.996854,-0.070695
-0.027664,-0.106561,-0.030334
--
0.018005,-0.996984,-0.075486
-0.066323,0.068567,0.205939
--
0.010481,-0.995449,-0.094720
-0.093130,0.020165,0.265932
--
-0.007987,-0.994879,-0.100757
-0.006785,0.070583,-0.002408
--
-0.018548,-0.996897,-0.076505
0.108409,-0.088748,-0.058322
--
0.011652,-0.997458,-0.070303
-0.054978,0.293777,-0.580520
--
0.034560,-0.995484,-0.088410
-0.318686,0.208584,0.058571
--
0.031569,-0.993540,-0.109000
-0.240033,0.004346,-0.247588
--
0.038553,-0.994295,-0.099453
0.482204,-0.215278,0.189447
--
0.047365,-0.996447,-0.069641
0.207895,-0.158267,0.251292
--
0.045499,-0.997986,-0.044199
0.384516,0.132997,-0.433634
--
0.049774,-0.997897,-0.041520
-0.202209,-0.024491,-0.296765
--
0.045579,-0.997365,-0.056442
-0.185363,-0.081724,0.234698
--
0.061091,-0.995856,-0.067372
0.047953,0.048676,0.050640
--
0.060671,-0.995182,-0.077025
0.044301,0.053335,-0.156167
--
0.063053,-0.995305,-0.073433
-0.029864,-0.029080,-0.117603
--
0.064183,-0.995637,-0.067733
0.000457,-0.075658,0.020859
--
0.064765,-0.995310,-0.071856
-0.111195,-0.014898,0.064732
--
0.057621,-0.995307,-0.077745
-0.098947,0.067401,0.094192
--
0.047814,-0.995809,-0.077966
-0.037008,0.039765,0.058658
--
0.033659,-0.995257,-0.091267
-0.214413,-0.015951,0.238918
--
0.023708,-0.993811,-0.108523
-0.463554,-0.147825,0.187975
--
0.015330,-0.991278,-0.130896
-0.480742,-0.307959,0.316048
--
-0.034352,-0.982526,-0.182927
-0.540371,-0.389463,0.337270
--
-0.067473,-0.971985,-0.225151
-0.563639,-0.529335,0.188112
--
-0.089060,-0.962788,-0.255160
-0.461462,-0.391243,-0.090107
--
-0.077401,-0.959283,-0.271633
0.043217,0.126352,-0.122631
--
-0.065014,-0.958455,-0.277736
0.100381,0.180017,-0.121324
--
-0.055745,-0.960102,-0.274037
0.009129,0.042264,-0.012980
--
-0.061422,-0.959077,-0.276401
-0.168256,-0.018762,0.013513
