0.059540,-0.975403,-0.337570
-0.012903,-0.992449,-0.045119
0.012711,-0.999710,-0.293365
-0.007331,-0.991138,-0.067616
0.026825,-0.985931,-0.259796
-0.005789,-0.991797,-0.084981
0.071854,-0.981003,-0.226898
-0.003280,-0.991346,-0.098428
0.026596,-0.978134,-0.199661
0.002499,-0.990550,-0.108311
0.004181,-0.952942,-0.206970
0.004353,-0.989595,-0.115338
0.036591,-1.000671,-0.239853
0.004340,-0.986776,-0.122386
0.000900,-0.992233,-0.212601
0.006821,-0.987845,-0.131422
-0.022781,-0.956467,-0.171646
0.006365,-0.988182,-0.137667
0.010239,-0.972885,-0.212677
0.004123,-0.985742,-0.140280
-0.008453,-1.015167,-0.188828
0.004594,-0.984753,-0.145849
-0.013901,-1.031189,-0.223267
0.003590,-0.987093,-0.149155
0.023849,-1.065659,-0.145706
0.002244,-0.990485,-0.154856
-0.022934,-1.022369,-0.112900
0.003906,-0.996268,-0.154152
-0.018539,-0.993149,-0.119995
0.001842,-0.998275,-0.150979
-0.043686,-0.990448,-0.059052
0.000274,-0.997881,-0.148596
0.005081,-0.978653,-0.019257
-0.003108,-0.997309,-0.141708
-0.013901,-0.940506,0.059174
-0.002478,-0.995874,-0.132288
0.010605,-0.976532,0.068558
-0.003356,-0.991615,-0.117561
0.001602,-1.005112,-0.022064
-0.002282,-0.990455,-0.103244
0.029953,-1.036041,-0.058075
-0.001984,-0.991582,-0.096999
0.100784,-1.007660,-0.108047
0.000473,-0.995002,-0.094005
0.110123,-0.990067,-0.093292
0.008189,-0.995976,-0.095085
0.110474,-0.999496,-0.196823
0.016030,-0.995521,-0.094947
0.050430,-0.971436,-0.160049
0.023295,-0.995827,-0.102784
0.066757,-0.980759,-0.091766
0.025383,-0.993951,-0.107189
0.079453,-1.000412,-0.063873
0.028565,-0.992936,-0.106003
0.012360,-0.953201,-0.008560
0.032480,-0.993511,-0.102762
-0.044449,-0.938049,-0.038757
0.030932,-0.990410,-0.095516
-0.010483,-0.970840,0.009125
0.025133,-0.986383,-0.091150
-0.007858,-0.957565,0.049500
0.022394,-0.985187,-0.083436
0.011383,-0.961075,0.053619
0.020067,-0.983062,-0.073210
-0.011749,-0.958038,0.075104
0.019399,-0.981371,-0.063454
0.053909,-0.990021,0.115402
0.017003,-0.979576,-0.052796
0.053192,-0.991409,0.020691
0.019842,-0.980380,-0.039858
0.030884,-0.983307,0.054962
0.022407,-0.981228,-0.035200
0.032196,-1.004227,0.038376
0.023059,-0.981388,-0.028264
0.009155,-1.001053,0.002625
0.023762,-0.983145,-0.023138
0.006500,-1.016541,0.012604
0.022638,-0.984522,-0.021157
0.031250,-1.012512,0.073929
0.021397,-0.986985,-0.018560
0.035934,-1.006439,0.093674
0.022155,-0.988949,-0.011445
0.010880,-0.997086,0.075623
0.023215,-0.990294,-0.003359
0.037231,-1.006668,-0.048370
