-0.027145,-0.998413,-0.095367
0.023417,-0.992036,-0.001213
0.019318,-1.016434,-0.149109
0.019528,-0.992527,-0.008456
0.118866,-1.047897,-0.197357
0.019512,-0.994366,-0.019275
0.075226,-1.026337,-0.165329
0.027154,-0.998483,-0.032974
-0.016296,-1.013931,-0.124771
0.030852,-1.000626,-0.043155
-0.046127,-1.012939,-0.123047
0.027225,-1.001649,-0.049433
-0.061310,-1.021698,-0.151703
0.021583,-1.002518,-0.055096
-0.027603,-1.032196,-0.121735
0.015206,-1.003993,-0.062527
0.003754,-1.006546,-0.112793
0.011913,-1.006163,-0.067082
-0.017365,-1.013260,-0.081345
0.011286,-1.006192,-0.070598
0.038864,-0.990585,-0.019882
0.009082,-1.006736,-0.071425
0.027756,-0.955582,-0.002487
0.011373,-1.005494,-0.067460
0.032516,-0.953766,-0.002472
0.012633,-1.001654,-0.062462
-0.002747,-0.973160,0.003296
0.014162,-0.997970,-0.057847
0.062439,-1.033157,0.009247
0.012862,-0.996062,-0.053144
0.072083,-1.023712,-0.060776
0.016675,-0.998915,-0.048345
0.046570,-0.998108,0.018692
0.020938,-1.000823,-0.049301
-0.023254,-0.964294,0.090866
0.022909,-1.000614,-0.044071
-0.006714,-0.971436,0.044693
0.019358,-0.997820,-0.033691
0.031769,-0.971130,0.016388
0.017353,-0.995791,-0.027661
0.033417,-0.955093,0.041931
0.018462,-0.993894,-0.024273
0.014465,-0.975998,0.048843
0.019612,-0.990909,-0.019180
0.063385,-1.030273,0.006287
0.019216,-0.989762,-0.013948
0.041962,-1.016312,0.039520
0.022614,-0.992878,-0.012391
-0.004868,-0.970032,0.076279
0.024102,-0.994681,-0.008398
0.026642,-0.946625,0.002335
0.021874,-0.992785,-0.001884
0.057007,-0.992340,0.033539
0.022240,-0.989234,-0.001560
0.024124,-0.985443,0.093399
0.024915,-0.989473,0.001140
0.081223,-1.013977,0.084213
0.024854,-0.989163,0.008237
0.065979,-1.015182,0.035767
0.029190,-0.991072,0.014081
0.014740,-0.996536,0.054932
0.032020,-0.992926,0.015749
0.052490,-1.014572,0.046509
0.030691,-0.993204,0.018763
0.006256,-0.999832,0.012466
0.032368,-0.994848,0.020898
-0.028397,-0.991348,-0.021408
0.030359,-0.995231,0.020249
0.014709,-0.996368,0.065781
0.025839,-0.994933,0.017045
0.007919,-0.991989,0.080490
0.024983,-0.995043,0.020794
-0.023788,-0.987411,0.055511
0.023671,-0.994808,0.025386
0.025986,-0.977997,0.070663
0.020020,-0.994239,0.027703
0.028854,-0.976288,0.059814
0.020479,-0.992990,0.031008
-0.006805,-0.969971,0.076263
0.021123,-0.991705,0.033224
0.026459,-1.006897,0.043259
0.018975,-0.990033,0.036534
-0.015381,-0.975449,0.084122
0.019550,-0.991330,0.037052
-0.040573,-0.957199,0.068954
0.016863,-0.990109,0.040672
0.015762,-0.999664,0.045120
0.012445,-0.987577,0.042848
-0.007645,-0.982300,0.103973
0.012700,-0.988507,0.043023
-0.025711,-0.990097,0.068359
0.011135,-0.988029,0.047711
-0.006119,-1.015533,0.052948
0.008301,-0.988188,0.049300
0.012451,-0.976089,0.101135
0.007192,-0.990292,0.049580
-0.032547,-0.984665,0.087982
