0.034927,-0.953568,0.211655
--
0.049636,-0.982726,0.076610
0.058609,-0.926147,0.192886
--
0.048505,-0.980483,0.086998
0.039719,-0.942810,0.154373
--
0.049282,-0.976303,0.095143
0.002518,-0.971985,0.224365
--
0.048546,-0.973727,0.099699
0.023743,-0.975037,0.196930
--
0.045006,-0.973593,0.109289
0.023438,-0.950745,0.178955
--
0.043370,-0.973704,0.116030
0.055222,-0.953918,0.167419
--
0.041837,-0.971938,0.120871
0.037491,-0.924683,0.177902
--
0.042866,-0.970552,0.124451
-0.016907,-0.958481,0.230011
--
0.042453,-0.967023,0.128563
-0.040390,-0.985275,0.161926
--
0.037887,-0.966366,0.136367
-0.005020,-0.961075,0.083084
--
0.031865,-0.967821,0.138333
0.033508,-0.959213,0.029144
--
0.029028,-0.967302,0.134083
-0.042038,-0.992355,0.079086
--
0.029373,-0.966680,0.126011
-0.057617,-1.036972,0.017151
--
0.023880,-0.968655,0.122401
-0.069443,-1.019608,0.036652
--
0.017611,-0.973910,0.114305
-0.057953,-1.018723,0.053513
--
0.010914,-0.977425,0.108332
-0.072815,-0.988663,0.061066
--
0.005617,-0.980602,0.104115
-0.028305,-1.012512,0.075424
--
-0.000416,-0.981222,0.100803
0.024460,-0.995636,0.004700
--
-0.002562,-0.983629,0.098851
0.009750,-0.968964,-0.017334
--
-0.000483,-0.984552,0.091609
0.008774,-0.974365,0.013260
--
0.000304,-0.983353,0.083228
0.002045,-1.042816,0.018677
--
0.000956,-0.982662,0.077846
0.034897,-0.984390,-0.009125
--
0.001039,-0.987289,0.073295
0.058792,-0.968124,-0.051468
--
0.003644,-0.987066,0.066955
0.053207,-1.049423,-0.048889
--
0.007886,-0.985609,0.057845
0.010818,-1.037552,-0.069092
--
0.011372,-0.990518,0.049635
0.031097,-1.041611,-0.099472
--
0.011330,-0.994136,0.040502
-0.011047,-1.050079,-0.100739
--
0.012850,-0.997788,0.029735
-0.027039,-1.076874,-0.087830
--
0.011012,-1.001810,0.019699
-0.005905,-1.013306,-0.059555
--
0.008085,-1.007584,0.011427
-0.067780,-0.982193,-0.084000
--
0.007009,-1.008024,0.005967
-0.024918,-1.018326,-0.109009
--
0.001256,-1.006037,-0.000954
0.005768,-1.081390,-0.121063
--
-0.000757,-1.006983,-0.009265
0.033356,-1.001053,-0.076096
--
-0.000256,-1.012706,-0.017865
0.039871,-0.919510,-0.059906
--
0.002330,-1.011810,-0.022345
0.077454,-1.004425,-0.007614
--
0.005218,-1.004710,-0.025234
0.124512,-1.057190,-0.084763
--
0.010774,-1.004688,-0.023879
0.034561,-0.954483,-0.045868
--
0.019523,-1.008727,-0.028562
0.014908,-0.990402,-0.059555
--
0.020680,-1.004554,-0.029893
0.056595,-1.015427,-0.065918
--
0.020236,-1.003465,-0.032175
0.065353,-1.018936,-0.085556
--
0.023033,-1.004386,-0.034770
0.080841,-0.964035,-0.059219
--
0.026288,-1.005505,-0.038677
0.093506,-1.040314,-0.073288
--
0.030485,-1.002315,-0.040257
0.053772,-1.015701,-0.090607
--
0.035332,-1.005238,-0.042798
0.031403,-1.002701,-0.059326
--
0.036751,-1.006043,-0.046476
-0.007309,-0.975357,-0.087479
--
0.036340,-1.005786,-0.047464
0.022812,-0.994614,-0.128525
--
0.032982,-1.003445,-0.050542
0.042847,-0.980804,-0.146210
--
0.032200,-1.002766,-0.056541
-0.028015,-0.987350,-0.211899
--
0.033019,-1.001076,-0.063438
-0.131607,-0.989059,-0.288727
--
0.028324,-1.000020,-0.074858
-0.055908,-0.976395,-0.262543
--
0.016021,-0.999177,-0.091310
-0.082367,-0.940216,-0.266006
--
0.010488,-0.997425,-0.104482
-0.074524,-0.948593,-0.282639
--
0.003346,-0.993024,-0.116907
-0.062103,-0.947662,-0.259872
--
-0.002644,-0.989606,-0.129655
-0.043930,-1.003937,-0.304657
