0.034927,-0.953568,0.211655
-0.027121,0.009755,-0.011096
--
0.058609,-0.926147,0.192886
-0.005544,0.019756,0.008621
--
0.039719,-0.942810,0.154373
0.015789,0.032092,-0.023443
--
0.002518,-0.971985,0.224365
-0.020911,0.006711,0.020392
--
0.023743,-0.975037,0.196930
0.012999,0.014166,-0.019319
--
0.023438,-0.950745,0.178955
0.005046,0.017025,-0.019758
--
0.055222,-0.953918,0.167419
0.026876,0.020167,-0.003691
--
0.037491,-0.924683,0.177902
0.019840,0.053605,0.009315
--
-0.016907,-0.958481,0.230011
0.018889,0.042085,0.052738
--
-0.040390,-0.985275,0.161926
0.036126,0.030571,-0.028808
--
-0.005020,-0.961075,0.083084
0.015898,0.030849,-0.042017
--
0.033508,-0.959213,0.029144
0.055001,0.021739,-0.059949
--
-0.042038,-0.992355,0.079086
-0.029606,0.009650,0.009312
--
-0.057617,-1.036972,0.017151
-0.024441,-0.036398,-0.015823
--
-0.069443,-1.019608,0.036652
-0.030515,-0.017266,-0.001628
--
-0.057953,-1.018723,0.053513
-0.027284,-0.019443,0.035032
--
-0.072815,-0.988663,0.061066
-0.013746,-0.003178,0.037503
--
-0.028305,-1.012512,0.075424
0.011937,0.018474,0.031678
--
0.024460,-0.995636,0.004700
0.033793,0.026371,-0.039324
--
0.009750,-0.968964,-0.017334
0.018925,-0.004701,-0.017377
--
0.008774,-0.974365,0.013260
-0.007661,0.009121,0.019504
--
0.002045,-1.042816,0.018677
-0.027087,-0.035967,0.016370
--
0.034897,-0.984390,-0.009125
-0.011001,0.019711,0.007402
--
0.058792,-0.968124,-0.051468
0.044452,-0.000090,-0.017045
--
0.053207,-1.049423,-0.048889
0.012783,-0.052653,0.020502
--
0.010818,-1.037552,-0.069092
-0.020400,-0.029223,-0.008300
--
0.031097,-1.041611,-0.099472
0.022568,-0.037058,-0.021987
--
-0.011047,-1.050079,-0.100739
-0.026381,-0.051487,-0.003119
--
-0.027039,-1.076874,-0.087830
-0.011849,-0.046060,0.001834
--
-0.005905,-1.013306,-0.059555
0.012719,-0.021246,0.020948
--
-0.067780,-0.982193,-0.084000
-0.079431,0.015265,-0.013697
--
-0.024918,-1.018326,-0.109009
-0.054977,-0.008635,0.019791
--
0.005768,-1.081390,-0.121063
-0.018004,-0.030858,0.005316
--
0.033356,-1.001053,-0.076096
-0.005105,0.051683,0.056469
--
0.039871,-0.919510,-0.059906
0.015974,0.048586,0.004241
--
0.077454,-1.004425,-0.007614
0.043703,-0.021469,0.042734
--
0.124512,-1.057190,-0.084763
0.050064,-0.018750,-0.012191
--
0.034561,-0.954483,-0.045868
-0.050599,0.055150,0.022003
--
0.014908,-0.990402,-0.059555
-0.049754,-0.011316,-0.004894
--
0.056595,-1.015427,-0.065918
-0.001833,-0.042050,0.002410
--
0.065353,-1.018936,-0.085556
0.014980,-0.035121,-0.029671
--
0.080841,-0.964035,-0.059219
0.020671,0.020554,0.001754
--
0.093506,-1.040314,-0.073288
0.017083,-0.037786,-0.004575
--
0.053772,-1.015701,-0.090607
-0.022892,-0.031579,-0.014906
--
0.031403,-1.002701,-0.059326
-0.021416,0.010793,0.009592
--
-0.007309,-0.975357,-0.087479
-0.035002,0.007693,-0.011867
--
0.022812,-0.994614,-0.128525
0.002232,-0.016763,-0.028730
--
0.042847,-0.980804,-0.146210
0.044027,-0.005442,0.007620
--
-0.028015,-0.987350,-0.211899
0.025960,-0.032977,-0.028591
--
-0.131607,-0.989059,-0.288727
-0.005921,-0.057160,-0.054878
--
-0.055908,-0.976395,-0.262543
-0.029078,0.046735,0.011440
--
-0.082367,-0.940216,-0.266006
-0.013572,0.016260,-0.004307
--
-0.074524,-0.948593,-0.282639
0.003277,-0.010249,-0.009587
--
-0.062103,-0.947662,-0.259872
0.022695,-0.004238,0.013554
--
-0.043930,-1.003937,-0.304657
-0.009639,-0.031783,-0.000958
