0.035702,-0.986580,0.159328
0.122923,0.011739,-0.313268
--
0.045114,-0.985391,0.164225
0.081548,-0.016498,0.066545
--
0.040215,-0.985115,0.167126
-0.106570,0.069949,0.073474
--
0.038544,-0.983969,0.174123
0.068229,0.001754,0.120458
--
0.025411,-0.979929,0.197722
0.512619,-0.097672,0.204843
--
0.003883,-0.979646,0.200694
0.092755,0.141359,0.043130
--
0.007811,-0.986451,0.163869
-0.321693,-0.053892,-0.081242
--
0.008343,-0.990279,0.138843
-0.214955,-0.111397,0.155485
--
0.013580,-0.990822,0.134491
0.120212,-0.083707,0.045112
--
0.023557,-0.988461,0.149631
0.094667,-0.175991,-0.246336
--
0.031928,-0.989319,0.142229
0.014547,-0.106041,-0.003232
--
0.014880,-0.990310,0.138071
-0.016943,-0.060468,0.177209
--
-0.001913,-0.993285,0.115676
-0.517434,-0.176833,0.154288
--
-0.002270,-0.996133,0.087830
-0.460283,-0.114152,-0.078359
--
0.013330,-0.996123,0.086959
-0.149015,0.138693,-0.283133
--
0.040553,-0.996524,0.072772
-0.056912,0.000706,-0.325797
--
0.074628,-0.994287,0.076314
0.237182,0.120582,-0.383239
--
0.102955,-0.991389,0.080922
0.024668,0.125958,-0.202569
--
0.097777,-0.992557,0.072601
-0.055650,0.049413,0.240962
--
0.069646,-0.996124,0.053718
-0.132099,0.129420,0.342294
--
0.048155,-0.998575,0.023018
-0.218260,0.164794,0.023329
--
0.046357,-0.998896,-0.007667
-0.179625,0.048531,0.015091
--
0.045237,-0.998845,-0.016192
0.134976,0.113420,-0.028068
--
0.041293,-0.999048,-0.014096
-0.112988,-0.063539,0.075549
--
0.028936,-0.999363,-0.020872
0.149943,0.374899,0.198054
--
0.013804,-0.999794,-0.014857
0.000121,0.275118,0.128601
--
0.007934,-0.999370,-0.034582
-0.297335,0.340277,0.076071
--
0.005465,-0.998811,-0.048447
-0.251089,0.385202,0.027161
--
0.003655,-0.998592,-0.052928
-0.234421,0.106099,0.011685
--
0.002802,-0.997857,-0.065371
-0.194620,-0.070140,0.187811
--
0.001530,-0.997629,-0.068803
-0.045089,0.046671,0.011695
--
0.004455,-0.996569,-0.082643
0.009737,0.182621,0.036435
--
-0.003104,-0.997073,-0.076395
0.127066,-0.159090,0.117485
--
-0.006887,-0.996957,-0.077649
-0.031819,0.005693,0.019643
--
-0.008353,-0.996825,-0.079183
-0.108551,-0.115999,0.105523
--
-0.006383,-0.997552,-0.069638
0.099266,-0.029280,-0.016238
--
0.002714,-0.998231,-0.059391
-0.079025,0.135603,-0.112738
--
0.010847,-0.998547,-0.052776
0.256281,0.309152,-0.171258
--
0.006416,-0.998903,-0.046392
0.078628,0.087744,0.068180
--
0.000774,-0.998948,-0.045842
0.060327,0.043488,-0.017268
--
-0.000550,-0.998931,-0.046226
-0.023564,-0.014081,0.038147
--
0.000510,-0.998659,-0.051770
-0.036971,-0.044663,0.022650
--
-0.002313,-0.998569,-0.053428
-0.015061,-0.013365,0.001119
--
-0.001638,-0.998284,-0.058529
-0.093950,0.039426,0.078240
--
-0.004956,-0.998461,-0.055234
-0.027171,0.015863,0.093093
