-0.027145,-0.998413,-0.095367
0.023417,-0.992036,-0.001213
0.019318,-1.016434,-0.149109
0.019528,-0.992527,-0.008456
0.118866,-1.047897,-0.197357
0.019512,-0.994366,-0.019275
0.075226,-1.026337,-0.165329
0.027154,-0.998483,-0.032974
-0.016296,-1.013931,-0.124771
0.030852,-1.000626,-0.043155
-0.046127,-1.012939,-0.123047
0.027225,-1.001649,-0.049433
-0.061310,-1.021698,-0.151703
0.021583,-1.002518,-0.055096
-0.027603,-1.032196,-0.121735
0.015206,-1.003993,-0.062527
0.003754,-1.006546,-0.112793
0.011913,-1.006163,-0.067082
-0.017365,-1.013260,-0.081345
0.011286,-1.006192,-0.070598
0.038864,-0.990585,-0.019882
0.009082,-1.006736,-0.071425
0.027756,-0.955582,-0.002487
0.011373,-1.005494,-0.067460
0.032516,-0.953766,-0.002472
0.012633,-1.001654,-0.062462
-0.002747,-0.973160,0.003296
0.014162,-0.997970,-0.057847
0.062439,-1.033157,0.009247
0.012862,-0.996062,-0.053144
0.072083,-1.023712,-0.060776
0.016675,-0.998915,-0.048345
0.046570,-0.998108,0.018692
0.020938,-1.000823,-0.049301
-0.023254,-0.964294,0.090866
0.022909,-1.000614,-0.044071
-0.006714,-0.971436,0.044693
0.019358,-0.997820,-0.033691
0.031769,-0.971130,0.016388
0.017353,-0.995791,-0.027661
0.033417,-0.955093,0.041931
0.018462,-0.993894,-0.024273
0.014465,-0.975998,0.048843
0.019612,-0.990909,-0.019180
0.063385,-1.030273,0.006287
0.019216,-0.989762,-0.013948
0.041962,-1.016312,0.039520
0.022614,-0.992878,-0.012391
-0.004868,-0.970032,0.076279
0.024102,-0.994681,-0.008398
0.026642,-0.946625,0.002335
0.021874,-0.992785,-0.001884
0.057007,-0.992340,0.033539
0.022240,-0.989234,-0.001560
0.024124,-0.985443,0.093399
0.024915,-0.989473,0.001140
0.081223,-1.013977,0.084213
0.024854,-0.989163,0.008237
0.065979,-1.015182,0.035767
0.029190,-0.991072,0.014081
0.014740,-0.996536,0.054932
0.032020,-0.992926,0.015749
0.052490,-1.014572,0.046509
0.030691,-0.993204,0.018763
0.006256,-0.999832,0.012466
0.032368,-0.994848,0.020898
-0.028397,-0.991348,-0.021408
0.030359,-0.995231,0.020249
0.014709,-0.996368,0.065781
0.025839,-0.994933,0.017045
0.007919,-0.991989,0.080490
0.024983,-0.995043,0.020794
-0.023788,-0.987411,0.055511
0.023671,-0.994808,0.025386
0.025986,-0.977997,0.070663
0.020020,-0.994239,0.027703
0.028854,-0.976288,0.059814
0.020479,-0.992990,0.031008
-0.006805,-0.969971,0.076263
0.021123,-0.991705,0.033224
0.026459,-1.006897,0.043259
0.018975,-0.990033,0.036534
-0.015381,-0.975449,0.084122
0.019550,-0.991330,0.037052
-0.040573,-0.957199,0.068954
0.016863,-0.990109,0.040672
0.015762,-0.999664,0.045120
0.012445,-0.987577,0.042848
-0.007645,-0.982300,0.103973
0.012700,-0.988507,0.043023
-0.025711,-0.990097,0.068359
0.011135,-0.988029,0.047711
-0.006119,-1.015533,0.052948
0.008301,-0.988188,0.049300
0.012451,-0.976089,0.101135
0.007192,-0.990292,0.049580
-0.032547,-0.984665,0.087982
0.007596,-0.989199,0.053546
0.013687,-0.971634,-0.056747
0.004508,-0.988851,0.056195
-0.000488,-0.984268,-0.076508
0.005214,-0.987526,0.047507
-0.032440,-1.030945,-0.115875
0.004776,-0.987276,0.037967
-0.037384,-1.015411,-0.138718
0.001913,-0.990635,0.026133
-0.031845,-0.995285,-0.161545
-0.001110,-0.992541,0.013453
-0.033524,-1.013870,-0.157471
-0.003474,-0.992752,-0.000009
-0.056595,-1.013229,-0.165573
-0.005786,-0.994376,-0.012121
-0.081894,-0.982727,-0.217331
-0.009694,-0.995827,-0.023925
-0.072464,-0.981903,-0.141266
-0.015248,-0.994819,-0.038803
-0.069565,-0.984726,-0.127411
-0.019649,-0.993825,-0.046684
-0.069611,-0.978973,-0.137314
-0.023489,-0.993125,-0.052894
-0.039001,-0.973740,-0.114395
-0.027037,-0.992037,-0.059388
-0.023361,-0.990036,-0.118103
-0.027957,-0.990629,-0.063619
-0.004501,-0.968689,-0.095413
-0.027603,-0.990584,-0.067810
-0.021515,-0.989655,-0.089462
-0.025826,-0.988899,-0.069934
-0.017563,-0.997589,-0.086411
-0.025495,-0.988958,-0.071436
-0.010651,-1.013351,-0.073410
-0.024885,-0.989622,-0.072588
0.020355,-1.034973,-0.071976
-0.023790,-0.991447,-0.072651
0.015625,-1.036179,-0.097656
-0.020394,-0.994795,-0.072599
-0.025208,-1.012085,-0.020264
-0.017623,-0.997978,-0.074527
0.048920,-0.954559,-0.020081
-0.018207,-0.999064,-0.070352
0.085693,-1.042160,-0.017105
-0.013043,-0.995640,-0.066485
0.135544,-1.039169,0.027649
-0.005448,-0.999219,-0.062687
0.136902,-1.009781,0.090591
0.005398,-1.002292,-0.055738
0.092392,-0.984146,0.067307
0.015513,-1.002868,-0.044482
0.106552,-0.969498,0.091995
0.021427,-1.001428,-0.035883
0.108780,-0.935104,0.162781
0.027975,-0.998972,-0.026046
0.132309,-0.965500,0.152374
0.034191,-0.994059,-0.011521
0.132767,-0.995346,0.127945
0.041738,-0.991862,0.001086
0.093918,-0.971024,0.158997
0.048741,-0.992130,0.010845
0.130142,-0.955856,0.201614
0.052216,-0.990506,0.022241
0.138107,-0.969498,0.160355
0.058210,-0.987841,0.036039
0.122925,-0.978317,0.128708
0.064356,-0.986430,0.045602
0.156998,-0.953690,0.206757
0.068861,-0.985806,0.051995
0.064804,-0.998550,0.028717
0.075641,-0.983335,0.063899
0.056442,-1.010788,-0.019592
0.074807,-0.984506,0.061193
-0.001251,-1.012405,0.010513
0.073395,-0.986527,0.054979
-0.008621,-0.970642,0.026901
0.067653,-0.988518,0.051558
-0.025162,-0.958054,0.045410
0.061786,-0.987143,0.049662
0.018295,-1.040359,0.022751
0.055097,-0.984905,0.049335
0.014130,-0.959625,0.091141
0.052266,-0.989171,0.047290
0.001480,-0.948074,0.112656
0.049333,-0.986898,0.050663
0.008896,-0.996628,0.101273
0.045652,-0.983912,0.055432
0.046951,-0.974945,0.123108
0.042824,-0.984890,0.058958
0.067093,-0.970764,0.118317
0.043142,-0.984125,0.063892
0.074966,-0.982880,0.113541
0.044984,-0.983097,0.068079
0.057632,-0.979492,0.103500
0.047291,-0.983081,0.071576
0.068237,-0.981781,0.107544
