0.020355,-1.000305,0.143814
--
-0.010042,-0.987730,-0.152363
0.043015,-0.974243,0.161560
--
-0.007704,-0.988698,-0.129580
0.068817,-0.966888,0.184418
--
-0.003802,-0.987586,-0.107185
0.046707,-0.973465,0.221771
--
0.001784,-0.985994,-0.084754
-0.006210,-0.962234,0.200531
--
0.005239,-0.985030,-0.061175
-0.055252,-0.959656,0.200089
--
0.004359,-0.983276,-0.041044
-0.011566,-0.979034,0.116745
--
-0.000227,-0.981459,-0.022495
-0.031326,-1.016083,0.158310
--
-0.001099,-0.981273,-0.011784
-0.030472,-1.020813,0.238297
--
-0.003424,-0.983951,0.001300
-0.035782,-1.048584,0.207870
--
-0.005505,-0.986786,0.019530
-0.012817,-1.029739,0.137848
--
-0.007834,-0.991540,0.034018
0.010895,-0.937363,0.126465
--
-0.008217,-0.994478,0.042005
0.020248,-0.918289,0.109619
--
-0.006747,-0.990085,0.048502
0.048752,-0.887436,0.067169
--
-0.004670,-0.984562,0.053203
0.039597,-0.912369,0.021912
--
-0.000561,-0.977091,0.054277
0.081055,-0.923462,0.027267
--
0.002528,-0.972112,0.051788
0.099838,-0.971268,0.089981
--
0.008568,-0.968370,0.049902
0.125046,-0.985001,0.080414
--
0.015589,-0.968593,0.052985
0.112366,-1.036163,0.048172
--
0.024009,-0.969855,0.055095
0.057938,-1.054581,0.011353
--
0.030806,-0.974956,0.054562
0.043152,-1.028503,0.015945
--
0.032893,-0.981081,0.051238
0.057510,-1.025040,0.015060
--
0.033682,-0.984728,0.048523
0.040268,-1.024902,-0.012695
--
0.035515,-0.987829,0.045949
0.037994,-0.995728,-0.037613
--
0.035880,-0.990681,0.041438
-0.000671,-0.981369,-0.015350
--
0.036043,-0.991069,0.035357
0.009262,-1.000778,-0.043732
--
0.033219,-0.990323,0.031457
0.006165,-0.984863,-0.036987
--
0.031376,-0.991127,0.025673
-0.003281,-0.998169,-0.027069
--
0.029437,-0.990646,0.020853
-0.010910,-1.000137,-0.044891
--
0.026920,-0.991224,0.017167
0.027267,-0.983673,-0.042725
--
0.024010,-0.991910,0.012393
0.013916,-0.986481,-0.063522
--
0.024261,-0.991276,0.008153
-0.004761,-1.023300,-0.069321
--
0.023465,-0.990907,0.002640
0.005005,-1.033539,-0.076065
--
0.021294,-0.993399,-0.002896
-0.007614,-1.021729,-0.100937
--
0.020041,-0.996487,-0.008524
0.018631,-1.050522,-0.064957
--
0.017913,-0.998428,-0.015633
0.019516,-1.042816,-0.072906
--
0.017969,-1.002436,-0.019427
-0.002487,-0.987305,-0.022232
--
0.018088,-1.005542,-0.023541
-0.023346,-1.003693,-0.045959
--
0.016505,-1.004139,-0.023440
0.005661,-1.016357,-0.042633
--
0.013439,-1.004105,-0.025172
-0.006714,-1.022141,-0.062439
--
0.012841,-1.005047,-0.026515
0.007568,-1.014542,-0.049545
--
0.011337,-1.006362,-0.029279
-0.007263,-0.983765,-0.057800
--
0.011047,-1.006991,-0.030838
-0.011063,-0.986511,-0.054886
--
0.009639,-1.005205,-0.032912
-0.001129,-1.013199,-0.041748
--
0.008046,-1.003767,-0.034602
0.004730,-1.017471,-0.053497
