-0.209347,0.214043,0.067694
0.049636,-0.982726,0.076610
--
-0.159600,0.183631,0.091313
0.048505,-0.980483,0.086998
--
0.010093,-0.046896,0.283659
0.049282,-0.976303,0.095143
--
0.410959,0.014645,0.187247
0.048546,-0.973727,0.099699
--
-0.102754,-0.007658,-0.015521
0.045006,-0.973593,0.109289
--
-0.124236,0.279852,-0.086281
0.043370,-0.973704,0.116030
--
-0.322568,0.044920,-0.011594
0.041837,-0.971938,0.120871
--
-0.348037,0.082578,0.094989
0.042866,-0.970552,0.124451
--
-0.145429,-0.096457,0.294960
0.042453,-0.967023,0.128563
--
-0.193656,0.058029,0.057661
0.037887,-0.966366,0.136367
--
-0.384258,0.131241,0.032853
0.031865,-0.967821,0.138333
--
-0.479009,0.139006,-0.041894
0.029028,-0.967302,0.134083
--
-0.104783,0.265093,0.062854
0.029373,-0.966680,0.126011
--
-0.182657,0.164437,0.041432
0.023880,-0.968655,0.122401
--
-0.139085,0.119967,-0.039309
0.017611,-0.973910,0.114305
--
-0.082372,-0.117136,-0.156589
0.010914,-0.977425,0.108332
--
0.130401,0.070369,-0.070643
0.005617,-0.980602,0.104115
--
-0.008343,-0.181933,0.044698
-0.000416,-0.981222,0.100803
--
-0.139141,0.076305,-0.167971
-0.002562,-0.983629,0.098851
--
-0.102781,0.048867,-0.196108
-0.000483,-0.984552,0.091609
--
0.150947,-0.029749,-0.006496
0.000304,-0.983353,0.083228
--
-0.102690,0.082954,-0.186776
0.000956,-0.982662,0.077846
--
-0.357872,-0.035926,-0.129538
0.001039,-0.987289,0.073295
--
-0.257214,-0.103242,0.066731
0.003644,-0.987066,0.066955
--
-0.178206,-0.005032,0.282730
0.007886,-0.985609,0.057845
--
-0.027664,-0.106561,-0.030334
0.011372,-0.990518,0.049635
--
-0.066323,0.068567,0.205939
0.011330,-0.994136,0.040502
--
-0.093130,0.020165,0.265932
0.012850,-0.997788,0.029735
--
-0.006785,0.070583,-0.002408
0.011012,-1.001810,0.019699
--
0.108409,-0.088748,-0.058322
0.008085,-1.007584,0.011427
--
-0.054978,0.293777,-0.580520
0.007009,-1.008024,0.005967
--
-0.318686,0.208584,0.058571
0.001256,-1.006037,-0.000954
--
-0.240033,0.004346,-0.247588
-0.000757,-1.006983,-0.009265
--
0.482204,-0.215278,0.189447
-0.000256,-1.012706,-0.017865
--
0.207895,-0.158267,0.251292
0.002330,-1.011810,-0.022345
--
0.384516,0.132997,-0.433634
0.005218,-1.004710,-0.025234
--
-0.202209,-0.024491,-0.296765
0.010774,-1.004688,-0.023879
--
-0.185363,-0.081724,0.234698
0.019523,-1.008727,-0.028562
--
0.047953,0.048676,0.050640
0.020680,-1.004554,-0.029893
--
0.044301,0.053335,-0.156167
0.020236,-1.003465,-0.032175
--
-0.029864,-0.029080,-0.117603
0.023033,-1.004386,-0.034770
--
0.000457,-0.075658,0.020859
0.026288,-1.005505,-0.038677
--
-0.111195,-0.014898,0.064732
0.030485,-1.002315,-0.040257
--
-0.098947,0.067401,0.094192
0.035332,-1.005238,-0.042798
--
-0.037008,0.039765,0.058658
0.036751,-1.006043,-0.046476
--
-0.214413,-0.015951,0.238918
0.036340,-1.005786,-0.047464
--
-0.463554,-0.147825,0.187975
0.032982,-1.003445,-0.050542
--
-0.480742,-0.307959,0.316048
0.032200,-1.002766,-0.056541
--
-0.540371,-0.389463,0.337270
0.033019,-1.001076,-0.063438
--
-0.563639,-0.529335,0.188112
0.028324,-1.000020,-0.074858
--
-0.461462,-0.391243,-0.090107
0.016021,-0.999177,-0.091310
--
0.043217,0.126352,-0.122631
0.010488,-0.997425,-0.104482
--
0.100381,0.180017,-0.121324
0.003346,-0.993024,-0.116907
--
0.009129,0.042264,-0.012980
-0.002644,-0.989606,-0.129655
--
-0.168256,-0.018762,0.013513
-0.007218,-0.986380,-0.139672
