-0.030136,-1.000519,-0.046036
-0.004413,0.000490,0.024141
--
-0.072540,-0.991287,-0.046463
-0.027486,0.006045,0.006060
--
-0.081039,-0.982056,-0.170929
-0.020320,0.000561,-0.091453
--
-0.127975,-0.937958,-0.082855
-0.062917,0.054684,-0.018521
--
-0.072433,-0.991898,-0.087891
-0.000634,-0.001188,-0.014888
--
-0.037445,-1.030350,-0.021194
0.024856,-0.046073,0.031376
--
-0.130463,-0.974426,-0.031296
-0.061532,0.018430,0.005801
--
-0.086212,-0.979660,-0.022003
-0.017566,0.022360,0.020852
--
-0.042450,-1.011978,-0.050964
0.025780,-0.014656,-0.024640
--
-0.055298,-0.988785,-0.039429
0.000213,0.009069,0.012300
--
-0.036163,-0.976151,-0.071945
-0.034142,0.047902,0.028143
--
0.008118,-0.991425,-0.012253
0.033580,0.008607,0.021061
--
0.017807,-0.997742,-0.018997
0.016883,0.015465,0.007769
--
-0.060669,-0.950134,-0.028931
-0.032694,0.039678,0.007035
--
0.014282,-1.013870,-0.054443
0.046813,-0.007525,-0.032739
--
0.012512,-1.015549,-0.105743
0.003620,-0.000596,-0.036098
--
-0.030991,-0.997375,-0.100342
-0.042340,0.010121,-0.009418
--
-0.009872,-0.998810,-0.085342
-0.011658,0.010767,-0.006587
--
0.002426,-0.982773,-0.102142
-0.021364,0.013515,-0.019416
--
0.040009,-0.999054,-0.058289
0.008334,-0.007980,0.029836
--
0.190491,-1.024734,-0.134766
0.120980,-0.031905,-0.055510
--
0.042389,-0.960922,-0.065475
-0.029710,0.047326,0.055445
--
0.061707,-0.962067,-0.099838
-0.011828,0.027924,-0.015634
--
0.074585,-0.987381,-0.121231
0.012070,-0.014551,-0.044439
--
0.111252,-0.985611,-0.187073
0.007755,-0.003462,-0.050154
--
0.143387,-1.012573,-0.212250
0.051726,-0.042842,-0.082600
--
0.038757,-0.968414,-0.113785
-0.021710,-0.001250,0.059323
--
0.100723,-0.989334,-0.195023
0.023204,0.003010,-0.012170
--
0.079239,-0.974899,-0.132172
0.008840,0.013160,0.014630
--
0.081100,-0.966507,-0.156891
0.012651,0.001449,0.019684
--
0.059616,-0.938660,-0.180954
-0.007241,0.040661,-0.002650
--
0.090973,-0.980881,-0.177399
0.009311,0.014369,0.032589
--
0.083191,-0.964844,-0.238770
-0.004818,0.006803,-0.008311
--
0.106934,-0.936844,-0.285187
0.015407,0.017636,-0.010544
--
0.125519,-0.965378,-0.248291
0.027906,-0.012667,0.035143
--
0.115768,-0.951691,-0.274139
0.025238,-0.004666,-0.009879
--
0.114120,-0.960632,-0.349075
0.003435,-0.007546,-0.067339
--
0.089035,-0.960037,-0.297974
-0.027068,-0.021854,0.012151
--
0.070358,-0.933655,-0.283554
-0.048710,0.011785,-0.014601
--
0.071213,-0.926697,-0.276672
-0.044576,0.028201,-0.010198
--
0.133209,-0.959351,-0.287735
0.001309,-0.006517,-0.012708
--
0.123230,-0.937912,-0.255432
-0.017737,0.021299,-0.001912
--
0.159927,-0.956375,-0.227356
0.023491,0.002069,0.059656
--
0.144409,-0.938843,-0.271042
-0.009521,0.016468,0.016775
--
0.161194,-0.975327,-0.244965
0.018490,-0.012966,0.034150
--
0.177719,-0.985916,-0.258545
0.023367,-0.020772,-0.011273
--
0.150497,-0.966110,-0.242172
-0.036111,-0.006102,0.013112
--
0.132355,-0.977112,-0.228394
-0.015791,-0.006487,0.007550
--
0.105164,-0.957413,-0.218918
-0.037841,0.017866,0.018097
