0.086961,-0.054722,0.068596
0.145963,-0.951596,-0.249396
--
0.104100,0.051059,0.206019
0.132417,-0.955360,-0.233753
--
-0.042557,0.305313,0.148682
0.116651,-0.958123,-0.219346
--
0.150264,0.149756,0.146590
0.101444,-0.959964,-0.215622
--
-0.007636,0.074282,-0.156812
0.083796,-0.958271,-0.205409
--
0.284877,-0.051117,-0.046732
0.071778,-0.960858,-0.196369
--
0.050559,-0.050704,0.103414
0.063377,-0.966204,-0.182894
--
0.010542,-0.042987,-0.054030
0.048466,-0.966836,-0.171233
--
-0.045313,-0.016826,-0.140433
0.038106,-0.967823,-0.159753
--
0.044276,-0.178106,-0.071853
0.031909,-0.971219,-0.151385
--
0.039573,-0.079479,-0.157013
0.025201,-0.972570,-0.142773
--
0.006377,-0.318293,-0.154505
0.020481,-0.972846,-0.137325
--
-0.125016,-0.457413,0.024196
0.019530,-0.974275,-0.127704
--
-0.124924,-0.396309,0.141457
0.019397,-0.976080,-0.119342
--
-0.178431,-0.384421,-0.171158
0.013238,-0.974084,-0.112387
--
-0.140786,-0.383873,-0.007623
0.013319,-0.977145,-0.107930
--
-0.033896,-0.334322,-0.038444
0.013257,-0.980099,-0.107762
--
0.024463,-0.236965,-0.210127
0.009853,-0.981428,-0.107191
--
-0.057179,-0.405713,-0.143150
0.008336,-0.982765,-0.105510
--
0.024254,-0.357341,-0.183716
0.007881,-0.982765,-0.105251
--
0.047423,-0.226847,-0.342285
0.010352,-0.984018,-0.101639
--
0.005910,-0.383213,0.099784
0.024209,-0.987150,-0.104187
--
-0.081047,-0.090869,-0.187443
0.025608,-0.985133,-0.101209
--
-0.211049,-0.121737,-0.272521
0.028384,-0.983359,-0.101104
--
-0.284139,-0.274293,-0.219301
0.031938,-0.983668,-0.102652
--
-0.005038,-0.325268,0.039867
0.038039,-0.983817,-0.109146
--
0.145361,-0.458998,0.286200
0.046143,-0.986029,-0.117077
--
-0.087275,-0.080057,-0.166665
0.045575,-0.984674,-0.116824
--
-0.058355,-0.229260,-0.090693
0.049817,-0.985033,-0.122839
--
-0.218644,-0.242874,-0.014677
0.052080,-0.984253,-0.123557
--
-0.253926,-0.269156,0.030216
0.054313,-0.982888,-0.126121
--
-0.231646,-0.169302,-0.146006
0.054721,-0.979486,-0.130339
--
-0.236441,-0.113768,-0.107475
0.057509,-0.979593,-0.133959
--
-0.270190,0.055540,-0.070554
0.059485,-0.978459,-0.142021
--
0.065003,0.106265,-0.113575
0.063135,-0.975258,-0.153034
--
-0.204869,-0.081248,-0.020845
0.067933,-0.974498,-0.160361
--
-0.165737,0.132968,0.079084
0.071613,-0.972743,-0.169114
--
0.135549,0.192786,-0.000762
0.074883,-0.971812,-0.182957
--
0.058818,0.060374,0.071837
0.075971,-0.970906,-0.191804
--
0.033601,0.237704,-0.002114
0.075540,-0.968040,-0.198862
--
0.133168,0.233695,-0.006201
0.075207,-0.964860,-0.204847
--
0.006663,0.126312,0.082218
0.079669,-0.964436,-0.211223
--
0.087913,-0.095326,-0.111671
0.083019,-0.962396,-0.214624
--
-0.012884,-0.129645,0.019781
0.088935,-0.961933,-0.215603
--
0.022359,-0.104095,-0.087925
0.093203,-0.960157,-0.219868
--
-0.038362,-0.114923,-0.035801
0.098433,-0.961324,-0.221798
--
0.023600,-0.093814,0.091651
0.104532,-0.963215,-0.224625
--
0.048127,0.066008,0.142031
0.108068,-0.963438,-0.225975
--
0.148913,0.081902,0.138897
0.109936,-0.964490,-0.226161
