-0.069117,-0.941162,-0.330813
0.142568,0.112176,-0.116985
--
-0.053273,-0.946043,-0.319633
0.168982,-0.106884,-0.103899
--
-0.054443,-0.945523,-0.320972
0.080233,-0.030417,-0.021419
--
-0.051885,-0.947411,-0.315785
-0.173347,0.140377,-0.040067
--
-0.051358,-0.941080,-0.334261
0.430836,-0.177658,0.044506
--
-0.071886,-0.950256,-0.303061
0.159063,0.005489,0.076249
--
-0.084008,-0.958756,-0.271534
0.162409,0.630006,0.187338
--
-0.097872,-0.960392,-0.260897
0.035435,0.090460,-0.110237
--
-0.093876,-0.958412,-0.269506
0.177046,-0.201889,0.085361
--
-0.102117,-0.960405,-0.259219
0.093526,-0.004313,0.117180
--
-0.085284,-0.962055,-0.259186
0.170330,0.174407,-0.206080
--
-0.056786,-0.968989,-0.240491
0.111516,-0.205532,-0.257928
--
-0.036640,-0.972933,-0.228163
-0.009807,-0.140827,-0.281753
--
-0.016065,-0.976469,-0.215058
0.209967,-0.150451,-0.218618
--
0.001134,-0.979510,-0.201391
0.310757,-0.152608,-0.163669
--
0.007813,-0.981427,-0.191677
0.005656,-0.331423,0.163028
--
-0.009245,-0.981815,-0.189617
0.321398,-0.310206,0.093512
--
-0.008745,-0.983335,-0.181594
0.079502,-0.484777,-0.302727
--
0.015711,-0.984471,-0.174841
0.025614,-0.805929,-0.435406
--
0.041607,-0.984263,-0.171739
0.079084,-0.787888,-0.577515
--
0.070047,-0.981209,-0.179786
-0.084620,-0.605725,-0.490909
--
0.101411,-0.976735,-0.188954
-0.240125,-0.648814,-0.426734
--
0.138572,-0.970809,-0.195775
-0.045650,-0.537231,-0.226248
--
0.152247,-0.963001,-0.222374
-0.144832,-0.234201,-0.098770
--
0.157592,-0.956115,-0.247001
0.050929,-0.040492,-0.193832
--
0.157043,-0.950846,-0.266890
-0.166847,-0.287053,-0.017936
--
0.158741,-0.951877,-0.262166
-0.103469,-0.131517,0.081540
--
0.159511,-0.948843,-0.272495
-0.031813,-0.101157,-0.011871
--
0.148501,-0.949875,-0.275110
-0.174112,-0.247285,-0.037247
--
0.149382,-0.946824,-0.284973
-0.128055,-0.330884,-0.156821
--
0.166928,-0.939228,-0.299977
-0.001543,-0.209818,-0.378384
--
0.174818,-0.933431,-0.313280
-0.500688,-0.242666,-0.269612
--
0.189134,-0.912991,-0.361492
-0.424155,-0.205924,-0.305003
--
0.195083,-0.891294,-0.409313
-0.225418,-0.496825,-0.257149
--
0.200608,-0.879418,-0.431718
0.291152,-0.151427,-0.179957
--
0.217862,-0.881366,-0.419202
-0.074229,-0.057390,-0.194498
--
0.225771,-0.885348,-0.406430
-0.025824,-0.207507,-0.087761
--
0.233026,-0.877412,-0.419340
0.138494,0.063027,-0.135781
--
0.242334,-0.874924,-0.419264
-0.248873,0.086934,-0.243876
--
0.261668,-0.865454,-0.427223
0.135690,-0.179123,-0.306869
--
0.266491,-0.866704,-0.421672
0.121132,-0.132979,0.131976
--
0.256579,-0.866042,-0.429114
0.094509,-0.056986,-0.005996
--
0.257442,-0.872247,-0.415823
0.018130,0.023301,0.016507
