-0.093445,-1.010086,-0.034637
--
0.109569,-0.963945,-0.225604
-0.052872,-1.027878,-0.020355
--
0.093952,-0.967495,-0.210914
-0.115921,-0.978424,-0.068649
--
0.082658,-0.972140,-0.196256
-0.071503,-0.991776,-0.077042
--
0.067383,-0.972623,-0.186440
-0.036636,-1.016037,-0.047928
--
0.056699,-0.974096,-0.178025
-0.047485,-0.995132,-0.052139
--
0.049520,-0.977322,-0.168017
-0.093536,-0.989777,-0.121643
--
0.042058,-0.978692,-0.159103
-0.146454,-0.990479,-0.089508
--
0.031627,-0.979545,-0.156222
-0.110123,-0.984116,-0.042877
--
0.017929,-0.980386,-0.151090
-0.072769,-0.967331,-0.087112
--
0.008079,-0.980673,-0.142766
-0.090118,-0.972824,-0.032928
--
0.001860,-0.979647,-0.138485
-0.109909,-0.997086,-0.056580
--
-0.005216,-0.979122,-0.130365
-0.117401,-1.009842,-0.070389
--
-0.013269,-0.980504,-0.124689
-0.025864,-1.017609,-0.128738
--
-0.021279,-0.982760,-0.120512
0.016602,-1.032730,-0.128265
--
-0.021632,-0.985441,-0.121145
-0.078064,-0.998917,-0.109604
--
-0.018691,-0.989079,-0.121693
-0.067581,-0.988693,-0.125397
--
-0.023258,-0.989835,-0.120763
-0.113510,-0.945953,-0.060974
--
-0.026667,-0.989748,-0.121119
-0.050598,-0.986450,-0.003906
--
-0.033348,-0.986379,-0.116493
-0.045639,-1.001938,0.021912
--
-0.034675,-0.986384,-0.107832
-0.087082,-0.980301,-0.066406
--
-0.035518,-0.987581,-0.097852
-0.136826,-0.980057,-0.157623
--
-0.039484,-0.987021,-0.095433
-0.142731,-0.974609,-0.135986
--
-0.046972,-0.986485,-0.100217
-0.082062,-0.983429,-0.133453
--
-0.054338,-0.985572,-0.102968
-0.103577,-0.966217,-0.079483
--
-0.056471,-0.985407,-0.105313
-0.051590,-0.967316,-0.105667
--
-0.060094,-0.983931,-0.103327
-0.001404,-0.972839,-0.169357
--
-0.059440,-0.982653,-0.103507
0.048935,-0.988373,-0.243820
--
-0.054976,-0.981898,-0.108572
-0.002930,-0.997604,-0.185944
--
-0.046983,-0.982396,-0.118976
-0.002960,-0.991119,-0.212646
--
-0.043594,-0.983566,-0.124127
0.011169,-0.964844,-0.264038
--
-0.040468,-0.984147,-0.130936
0.061127,-0.964371,-0.254745
--
-0.036496,-0.982662,-0.141175
0.127747,-0.998810,-0.179916
--
-0.028987,-0.981255,-0.149911
0.101624,-0.985291,-0.187149
--
-0.016930,-0.982605,-0.152219
0.095673,-0.979584,-0.145782
--
-0.007811,-0.982812,-0.154906
0.139175,-0.999390,-0.128494
--
0.000149,-0.982563,-0.154204
0.094406,-0.955917,-0.143036
--
0.010844,-0.983858,-0.152227
0.077179,-0.962265,-0.145111
--
0.017272,-0.981709,-0.151520
0.106506,-1.002167,-0.120850
--
0.021880,-0.980213,-0.151027
0.118515,-0.961685,-0.147736
--
0.028390,-0.981902,-0.148705
0.245651,-0.985229,-0.131683
--
0.035322,-0.980347,-0.148631
0.243347,-0.962936,-0.091431
--
0.051501,-0.980722,-0.147327
0.191544,-0.968323,-0.104614
--
0.066259,-0.979354,-0.143027
0.179413,-0.982712,-0.172699
--
0.075896,-0.978505,-0.140073
0.183014,-0.960800,-0.211334
--
0.083859,-0.978829,-0.142582
0.255295,-0.987457,-0.129593
--
0.091486,-0.977442,-0.147871
0.212723,-0.962051,-0.164688
--
0.104087,-0.978213,-0.146465
0.227585,-0.993912,-0.160370
--
0.112444,-0.976969,-0.147867
0.173325,-0.962601,-0.154175
--
0.121301,-0.978273,-0.148828
0.179199,-0.959808,-0.218277
--
0.125302,-0.977067,-0.149240
0.203156,-0.968307,-0.143021
--
0.129448,-0.975740,-0.154550
0.204361,-0.982391,-0.163620
--
0.135118,-0.975168,-0.153663
0.202438,-0.971542,-0.228851
