0.142568,0.112176,-0.116985
-0.017165,-0.701096,-0.140185
--
0.168982,-0.106884,-0.103899
-0.022632,-0.717500,-0.159143
--
0.080233,-0.030417,-0.021419
-0.024905,-0.736612,-0.168390
--
-0.173347,0.140377,-0.040067
-0.029521,-0.753250,-0.180979
--
0.430836,-0.177658,0.044506
-0.034913,-0.771525,-0.198128
--
0.159063,0.005489,0.076249
-0.037179,-0.787425,-0.208856
--
0.162409,0.630006,0.187338
-0.043461,-0.799042,-0.215251
--
0.035435,0.090460,-0.110237
-0.051098,-0.810200,-0.223898
--
0.177046,-0.201889,0.085361
-0.055334,-0.820457,-0.233072
--
0.093526,-0.004313,0.117180
-0.056652,-0.831144,-0.236499
--
0.170330,0.174407,-0.206080
-0.059988,-0.838229,-0.235299
--
0.111516,-0.205532,-0.257928
-0.055781,-0.846962,-0.238667
--
-0.009807,-0.140827,-0.281753
-0.053655,-0.857426,-0.234333
--
0.209967,-0.150451,-0.218618
-0.052352,-0.866551,-0.236641
--
0.310757,-0.152608,-0.163669
-0.046611,-0.877433,-0.236590
--
0.005656,-0.331423,0.163028
-0.041304,-0.883481,-0.232021
--
0.321398,-0.310206,0.093512
-0.035953,-0.888845,-0.232506
--
0.079502,-0.484777,-0.302727
-0.041698,-0.891503,-0.229114
--
0.025614,-0.805929,-0.435406
-0.044093,-0.895858,-0.225489
--
0.079084,-0.787888,-0.577515
-0.042680,-0.900056,-0.221125
--
-0.084620,-0.605725,-0.490909
-0.034878,-0.904029,-0.214537
--
-0.240125,-0.648814,-0.426734
-0.023136,-0.909811,-0.208705
--
-0.045650,-0.537231,-0.226248
-0.010383,-0.913846,-0.208021
--
-0.144832,-0.234201,-0.098770
0.001681,-0.917628,-0.205565
--
0.050929,-0.040492,-0.193832
0.017346,-0.921792,-0.208039
--
-0.166847,-0.287053,-0.017936
0.034857,-0.926396,-0.214083
--
-0.103469,-0.131517,0.081540
0.046916,-0.927859,-0.219265
--
-0.031813,-0.101157,-0.011871
0.050852,-0.927614,-0.223817
--
-0.174112,-0.247285,-0.037247
0.057630,-0.930063,-0.228351
--
-0.128055,-0.330884,-0.156821
0.062649,-0.928221,-0.233719
--
-0.001543,-0.209818,-0.378384
0.065373,-0.928072,-0.235412
--
-0.500688,-0.242666,-0.269612
0.073609,-0.930286,-0.235087
--
-0.424155,-0.205924,-0.305003
0.079658,-0.930616,-0.244985
--
-0.225418,-0.496825,-0.257149
0.089886,-0.928771,-0.261994
--
0.291152,-0.151427,-0.179957
0.097083,-0.926072,-0.271422
--
-0.074229,-0.057390,-0.194498
0.105705,-0.922228,-0.281485
--
-0.025824,-0.207507,-0.087761
0.117311,-0.919846,-0.295136
--
0.138494,0.063027,-0.135781
0.122685,-0.917023,-0.302929
--
-0.248873,0.086934,-0.243876
0.128372,-0.913403,-0.311339
--
0.135690,-0.179123,-0.306869
0.138515,-0.910226,-0.324525
--
0.121132,-0.132979,0.131976
0.152173,-0.907667,-0.337115
--
0.094509,-0.056986,-0.005996
0.161359,-0.904735,-0.343454
--
0.018130,0.023301,0.016507
0.170970,-0.903924,-0.347233
