-0.088226,-0.914337,-0.386642
--
-0.017165,-0.701096,-0.140185
-0.052185,-0.965958,-0.279358
--
-0.022632,-0.717500,-0.159143
-0.084915,-0.952911,-0.332047
--
-0.024905,-0.736612,-0.168390
-0.099609,-0.990829,-0.403915
--
-0.029521,-0.753250,-0.180979
-0.064377,-0.978226,-0.337585
--
-0.034913,-0.771525,-0.198128
-0.118851,-0.938446,-0.291992
--
-0.037179,-0.787425,-0.208856
-0.142731,-0.944092,-0.327667
--
-0.043461,-0.799042,-0.215251
-0.106171,-0.943542,-0.343155
--
-0.051098,-0.810200,-0.223898
-0.072464,-0.959381,-0.277618
--
-0.055334,-0.820457,-0.233072
-0.100021,-0.923248,-0.220901
--
-0.056652,-0.831144,-0.236499
-0.005295,-0.951767,-0.279083
--
-0.059988,-0.838229,-0.235299
-0.028152,-0.982986,-0.182327
--
-0.055781,-0.846962,-0.238667
-0.036713,-0.976059,-0.264343
--
-0.053655,-0.857426,-0.234333
0.022278,-1.008011,-0.235977
--
-0.052352,-0.866551,-0.236641
0.022385,-0.956055,-0.177185
--
-0.046611,-0.877433,-0.236590
0.028259,-0.953217,-0.238327
--
-0.041304,-0.883481,-0.232021
-0.110641,-0.923401,-0.188416
--
-0.035953,-0.888845,-0.232506
-0.072830,-0.948120,-0.181992
--
-0.041698,-0.891503,-0.229114
-0.025726,-0.950424,-0.168747
--
-0.044093,-0.895858,-0.225489
0.058746,-0.951706,-0.135483
--
-0.042680,-0.900056,-0.221125
0.117767,-0.979202,-0.138718
--
-0.034878,-0.904029,-0.214537
0.142654,-0.962265,-0.199814
--
-0.023136,-0.909811,-0.208705
0.146454,-0.963013,-0.176102
--
-0.010383,-0.913846,-0.208021
0.205322,-0.971756,-0.237717
--
0.001681,-0.917628,-0.205565
0.244995,-0.981644,-0.286621
--
0.017346,-0.921792,-0.208039
0.191620,-0.945419,-0.281448
--
0.034857,-0.926396,-0.214083
0.098083,-0.924667,-0.278442
--
0.046916,-0.927859,-0.219265
0.138962,-0.959457,-0.282761
--
0.050852,-0.927614,-0.223817
0.122879,-0.906113,-0.298126
--
0.057630,-0.930063,-0.228351
0.098068,-0.926285,-0.255737
--
0.062649,-0.928221,-0.233719
0.172440,-0.956848,-0.231186
--
0.065373,-0.928072,-0.235412
0.152237,-0.934586,-0.363754
--
0.073609,-0.930286,-0.235087
0.212631,-0.906631,-0.466110
--
0.079658,-0.930616,-0.244985
0.183441,-0.893677,-0.384552
--
0.089886,-0.928771,-0.261994
0.209167,-0.876099,-0.402237
--
0.097083,-0.926072,-0.271422
0.256592,-0.891266,-0.458954
--
0.105705,-0.922228,-0.281485
0.187164,-0.883148,-0.396439
--
0.117311,-0.919846,-0.295136
0.196625,-0.869965,-0.412262
--
0.122685,-0.917023,-0.302929
0.260223,-0.872101,-0.482758
--
0.128372,-0.913403,-0.311339
0.316071,-0.876953,-0.488190
--
0.138515,-0.910226,-0.324525
0.271591,-0.869553,-0.419525
--
0.152173,-0.907667,-0.337115
0.286301,-0.894196,-0.392578
--
0.161359,-0.904735,-0.343454
0.255417,-0.884323,-0.391907
