0.260178,-0.148451,-0.051369
0.109569,-0.963945,-0.225604
--
0.160810,-0.026102,-0.046651
0.093952,-0.967495,-0.210914
--
-0.096504,-0.018483,0.104761
0.082658,-0.972140,-0.196256
--
-0.037953,0.184516,-0.150966
0.067383,-0.972623,-0.186440
--
-0.014964,0.125091,-0.113205
0.056699,-0.974096,-0.178025
--
-0.001823,-0.030672,-0.002588
0.049520,-0.977322,-0.168017
--
-0.114630,0.073265,0.025897
0.042058,-0.978692,-0.159103
--
0.150139,0.116318,0.104105
0.031627,-0.979545,-0.156222
--
0.162190,-0.027925,-0.099160
0.017929,-0.980386,-0.151090
--
-0.077104,-0.066141,-0.152814
0.008079,-0.980673,-0.142766
--
-0.029822,-0.118259,0.018843
0.001860,-0.979647,-0.138485
--
-0.097985,-0.197198,0.054851
-0.005216,-0.979122,-0.130365
--
-0.093226,-0.250313,0.022435
-0.013269,-0.980504,-0.124689
--
-0.145241,-0.000833,-0.306312
-0.021279,-0.982760,-0.120512
--
-0.072422,-0.024375,-0.287824
-0.021632,-0.985441,-0.121145
--
0.102246,-0.154787,0.054459
-0.018691,-0.989079,-0.121693
--
0.144878,-0.014139,0.075616
-0.023258,-0.989835,-0.120763
--
0.145604,-0.318714,0.383134
-0.026667,-0.989748,-0.121119
--
0.096165,-0.193988,0.108058
-0.033348,-0.986379,-0.116493
--
-0.069028,-0.260785,0.043278
-0.034675,-0.986384,-0.107832
--
-0.404396,-0.391166,0.088625
-0.035518,-0.987581,-0.097852
--
-0.384945,-0.292689,-0.000461
-0.039484,-0.987021,-0.095433
--
0.115721,-0.015611,-0.163370
-0.046972,-0.986485,-0.100217
--
0.078046,0.014659,-0.194373
-0.054338,-0.985572,-0.102968
--
0.098232,-0.296568,-0.048121
-0.056471,-0.985407,-0.105313
--
-0.199326,-0.289445,-0.255006
-0.060094,-0.983931,-0.103327
--
-0.131211,-0.188551,-0.117883
-0.059440,-0.982653,-0.103507
--
-0.469709,0.074158,-0.126621
-0.054976,-0.981898,-0.108572
--
0.011153,0.072998,-0.143700
-0.046983,-0.982396,-0.118976
--
-0.117551,0.091423,-0.121279
-0.043594,-0.983566,-0.124127
--
-0.134546,0.097908,-0.276426
-0.040468,-0.984147,-0.130936
--
0.103270,-0.023617,-0.359433
-0.036496,-0.982662,-0.141175
--
0.121277,-0.191520,-0.385281
-0.028987,-0.981255,-0.149911
--
0.066776,-0.109766,-0.126527
-0.016930,-0.982605,-0.152219
--
0.199460,0.118181,-0.120825
-0.007811,-0.982812,-0.154906
--
0.397808,0.393266,-0.066918
0.000149,-0.982563,-0.154204
--
0.074412,0.148195,0.094691
0.010844,-0.983858,-0.152227
--
0.068296,0.130141,0.051987
0.017272,-0.981709,-0.151520
--
0.036808,0.169640,-0.091294
0.021880,-0.980213,-0.151027
--
0.008701,0.059294,-0.017988
0.028390,-0.981902,-0.148705
--
0.130021,-0.058185,-0.404543
0.035322,-0.980347,-0.148631
--
-0.056882,-0.089519,-0.151003
0.051501,-0.980722,-0.147327
--
0.030879,0.091854,-0.139389
0.066259,-0.979354,-0.143027
--
-0.232841,-0.051779,-0.098960
0.075896,-0.978505,-0.140073
--
-0.307247,-0.165960,-0.068520
0.083859,-0.978829,-0.142582
--
0.149387,-0.113935,-0.257469
0.091486,-0.977442,-0.147871
--
-0.132418,-0.219815,-0.002203
0.104087,-0.978213,-0.146465
--
0.163055,0.063348,-0.122412
0.112444,-0.976969,-0.147867
--
0.063612,-0.015128,0.039567
0.121301,-0.978273,-0.148828
--
-0.203734,-0.150163,0.012169
0.125302,-0.977067,-0.149240
--
0.175376,0.010151,-0.060963
0.129448,-0.975740,-0.154550
--
-0.052995,-0.051431,-0.003463
0.135118,-0.975168,-0.153663
--
-0.119761,-0.030366,0.070455
0.140444,-0.975723,-0.154429
