-0.090484,-0.993641,-0.067017
0.260178,-0.148451,-0.051369
--
-0.082559,-0.995366,-0.049294
0.160810,-0.026102,-0.046651
--
-0.083382,-0.995030,-0.054432
-0.096504,-0.018483,0.104761
--
-0.086734,-0.994267,-0.062531
-0.037953,0.184516,-0.150966
--
-0.079648,-0.994693,-0.065138
-0.014964,0.125091,-0.113205
--
-0.070966,-0.995025,-0.069921
-0.001823,-0.030672,-0.002588
--
-0.071816,-0.994693,-0.073680
-0.114630,0.073265,0.025897
--
-0.080564,-0.994096,-0.072684
0.150139,0.116318,0.104105
--
-0.098303,-0.993588,-0.055859
0.162190,-0.027925,-0.099160
--
-0.095122,-0.993605,-0.060842
-0.077104,-0.066141,-0.152814
--
-0.084049,-0.994272,-0.066021
-0.029822,-0.118259,0.018843
--
-0.076034,-0.993807,-0.081035
-0.097985,-0.197198,0.054851
--
-0.077551,-0.993198,-0.086857
-0.093226,-0.250313,0.022435
--
-0.066196,-0.994119,-0.085706
-0.145241,-0.000833,-0.306312
--
-0.051036,-0.995402,-0.081060
-0.072422,-0.024375,-0.287824
--
-0.053786,-0.995803,-0.074051
0.102246,-0.154787,0.054459
--
-0.060110,-0.995565,-0.072371
0.144878,-0.014139,0.075616
--
-0.067217,-0.995324,-0.069367
0.145604,-0.318714,0.383134
--
-0.093707,-0.994396,-0.048944
0.096165,-0.193988,0.108058
--
-0.103590,-0.992707,-0.061666
-0.069028,-0.260785,0.043278
--
-0.110249,-0.989762,-0.090639
-0.404396,-0.391166,0.088625
--
-0.109067,-0.986443,-0.122619
-0.384945,-0.292689,-0.000461
--
-0.105537,-0.985967,-0.129352
0.115721,-0.015611,-0.163370
--
-0.097673,-0.986566,-0.130945
0.078046,0.014659,-0.194373
--
-0.083895,-0.989204,-0.120156
0.098232,-0.296568,-0.048121
--
-0.061680,-0.990600,-0.122096
-0.199326,-0.289445,-0.255006
--
-0.037814,-0.989519,-0.139362
-0.131211,-0.188551,-0.117883
--
-0.022050,-0.984898,-0.171728
-0.469709,0.074158,-0.126621
--
-0.017034,-0.979829,-0.199111
0.011153,0.072998,-0.143700
--
0.004275,-0.977640,-0.210244
-0.117551,0.091423,-0.121279
--
0.021914,-0.976446,-0.214645
-0.134546,0.097908,-0.276426
--
0.049355,-0.975117,-0.216128
0.103270,-0.023617,-0.359433
--
0.078492,-0.975788,-0.204149
0.121277,-0.191520,-0.385281
--
0.097584,-0.976831,-0.190468
0.066776,-0.109766,-0.126527
--
0.107843,-0.976752,-0.185271
0.199460,0.118181,-0.120825
--
0.123445,-0.978806,-0.163401
0.397808,0.393266,-0.066918
--
0.127268,-0.980440,-0.150133
0.074412,0.148195,0.094691
--
0.119896,-0.982299,-0.143919
0.068296,0.130141,0.051987
--
0.127346,-0.982597,-0.135228
0.036808,0.169640,-0.091294
--
0.119989,-0.982538,-0.142205
0.008701,0.059294,-0.017988
--
0.131182,-0.981589,-0.138828
0.130021,-0.058185,-0.404543
--
0.171663,-0.978332,-0.115752
-0.056882,-0.089519,-0.151003
--
0.174565,-0.977264,-0.120343
0.030879,0.091854,-0.139389
--
0.182759,-0.975084,-0.125738
-0.232841,-0.051779,-0.098960
--
0.182536,-0.969816,-0.161669
-0.307247,-0.165960,-0.068520
--
0.199130,-0.964111,-0.175604
0.149387,-0.113935,-0.257469
--
0.215110,-0.963441,-0.159718
-0.132418,-0.219815,-0.002203
--
0.213629,-0.961584,-0.172389
0.163055,0.063348,-0.122412
--
0.217306,-0.961616,-0.167548
0.063612,-0.015128,0.039567
--
0.213954,-0.961008,-0.175178
-0.203734,-0.150163,0.012169
--
0.207813,-0.960514,-0.185003
0.175376,0.010151,-0.060963
--
0.203594,-0.962634,-0.178566
-0.052995,-0.051431,-0.003463
--
0.194955,-0.963985,-0.180904
-0.119761,-0.030366,0.070455
