-0.088226,-0.914337,-0.386642
-0.019109,0.026825,-0.055830
--
-0.052185,-0.965958,-0.279358
0.004018,-0.026675,0.055153
--
-0.084915,-0.952911,-0.332047
-0.026779,0.003292,-0.011136
--
-0.099609,-0.990829,-0.403915
-0.046901,-0.042701,-0.038783
--
-0.064377,-0.978226,-0.337585
-0.000446,-0.034414,-0.056532
--
-0.118851,-0.938446,-0.291992
-0.041303,0.026565,-0.041284
--
-0.142731,-0.944092,-0.327667
-0.084312,0.066727,-0.112011
--
-0.106171,-0.943542,-0.343155
-0.056028,-0.012493,-0.045896
--
-0.072464,-0.959381,-0.277618
-0.039623,0.030769,0.010869
--
-0.100021,-0.923248,-0.220901
-0.010874,0.072771,0.028079
--
-0.005295,-0.951767,-0.279083
0.072329,0.006733,-0.012055
--
-0.028152,-0.982986,-0.182327
0.019097,-0.013143,0.027478
--
-0.036713,-0.976059,-0.264343
-0.016339,-0.012998,-0.007647
--
0.022278,-1.008011,-0.235977
0.023862,-0.025133,-0.017135
--
0.022385,-0.956055,-0.177185
0.008952,0.011081,0.023214
--
0.028259,-0.953217,-0.238327
0.001221,0.024243,-0.025090
--
-0.110641,-0.923401,-0.188416
-0.085024,0.053180,0.015178
--
-0.072830,-0.948120,-0.181992
-0.065138,0.042997,-0.007386
--
-0.025726,-0.950424,-0.168747
-0.011301,0.010274,-0.007288
--
0.058746,-0.951706,-0.135483
0.003574,0.041728,0.028185
--
0.117767,-0.979202,-0.138718
0.026465,0.015938,0.007224
--
0.142654,-0.962265,-0.199814
-0.013795,0.031194,0.003346
--
0.146454,-0.963013,-0.176102
0.026360,-0.012086,0.044667
--
0.205322,-0.971756,-0.237717
0.079275,-0.024472,-0.023872
--
0.244995,-0.981644,-0.286621
0.085420,-0.022370,-0.030800
--
0.191620,-0.945419,-0.281448
-0.003082,0.017435,-0.014955
--
0.098083,-0.924667,-0.278442
-0.050785,0.010044,-0.025920
--
0.138962,-0.959457,-0.282761
0.019002,-0.015452,-0.050365
--
0.122879,-0.906113,-0.298126
-0.008227,0.037979,-0.042563
--
0.098068,-0.926285,-0.255737
-0.039916,0.028168,0.039139
--
0.172440,-0.956848,-0.231186
0.005511,-0.017620,0.068791
--
0.152237,-0.934586,-0.363754
-0.033155,-0.003474,-0.031812
--
0.212631,-0.906631,-0.466110
-0.009203,0.001171,-0.061421
--
0.183441,-0.893677,-0.384552
-0.011642,-0.002383,0.024761
--
0.209167,-0.876099,-0.402237
0.029754,0.007805,-0.017760
--
0.256592,-0.891266,-0.458954
0.039829,-0.015958,-0.048586
--
0.187164,-0.883148,-0.396439
-0.030825,-0.009427,0.038770
--
0.196625,-0.869965,-0.412262
-0.024713,-0.002837,0.001356
--
0.260223,-0.872101,-0.482758
0.033225,0.005478,-0.050570
--
0.316071,-0.876953,-0.488190
0.074483,-0.012399,-0.011422
--
0.271591,-0.869553,-0.419525
-0.005489,-0.001415,0.009929
--
0.286301,-0.894196,-0.392578
0.011289,-0.012224,0.010612
--
0.255417,-0.884323,-0.391907
0.004689,-0.005042,-0.015558
