-0.037259,-0.995058,-0.092043
0.086961,-0.054722,0.068596
--
-0.043086,-0.995852,-0.080142
0.104100,0.051059,0.206019
--
-0.056691,-0.995465,-0.076394
-0.042557,0.305313,0.148682
--
-0.076563,-0.994366,-0.073307
0.150264,0.149756,0.146590
--
-0.069831,-0.995562,-0.063085
-0.007636,0.074282,-0.156812
--
-0.056350,-0.997185,-0.049458
0.284877,-0.051117,-0.046732
--
-0.073706,-0.996626,-0.036120
0.050559,-0.050704,0.103414
--
-0.076428,-0.996649,-0.029152
0.010542,-0.042987,-0.054030
--
-0.068230,-0.997322,-0.026324
-0.045313,-0.016826,-0.140433
--
-0.067093,-0.997198,-0.033083
0.044276,-0.178106,-0.071853
--
-0.064064,-0.997441,-0.031729
0.039573,-0.079479,-0.157013
--
-0.032207,-0.998856,-0.035343
0.006377,-0.318293,-0.154505
--
-0.014594,-0.999138,-0.038867
-0.125016,-0.457413,0.024196
--
-0.018225,-0.999043,-0.039750
-0.124924,-0.396309,0.141457
--
-0.020080,-0.998380,-0.053229
-0.178431,-0.384421,-0.171158
--
-0.017307,-0.998214,-0.057179
-0.140786,-0.383873,-0.007623
--
-0.014804,-0.997471,-0.069516
-0.033896,-0.334322,-0.038444
--
0.001617,-0.996805,-0.079854
0.024463,-0.236965,-0.210127
--
0.023790,-0.996288,-0.082726
-0.057179,-0.405713,-0.143150
--
0.036542,-0.996033,-0.081136
0.024254,-0.357341,-0.183716
--
0.058982,-0.993715,-0.095140
0.047423,-0.226847,-0.342285
--
0.057420,-0.994500,-0.087595
0.005910,-0.383213,0.099784
--
0.065905,-0.993745,-0.090155
-0.081047,-0.090869,-0.187443
--
0.083968,-0.991522,-0.099162
-0.211049,-0.121737,-0.272521
--
0.090069,-0.989245,-0.115251
-0.284139,-0.274293,-0.219301
--
0.098619,-0.984899,-0.142300
-0.005038,-0.325268,0.039867
--
0.072217,-0.986757,-0.145245
0.145361,-0.458998,0.286200
--
0.061040,-0.986423,-0.152457
-0.087275,-0.080057,-0.166665
--
0.075191,-0.984474,-0.158612
-0.058355,-0.229260,-0.090693
--
0.081130,-0.982025,-0.170426
-0.218644,-0.242874,-0.014677
--
0.074579,-0.979687,-0.186147
-0.253926,-0.269156,0.030216
--
0.073697,-0.977153,-0.199352
-0.231646,-0.169302,-0.146006
--
0.085094,-0.970502,-0.225576
-0.236441,-0.113768,-0.107475
--
0.096410,-0.964993,-0.243912
-0.270190,0.055540,-0.070554
--
0.100512,-0.956602,-0.273515
0.065003,0.106265,-0.113575
--
0.113724,-0.953876,-0.277826
-0.204869,-0.081248,-0.020845
--
0.110686,-0.953086,-0.281736
-0.165737,0.132968,0.079084
--
0.104705,-0.954998,-0.277516
0.135549,0.192786,-0.000762
--
0.108632,-0.955038,-0.275865
0.058818,0.060374,0.071837
--
0.111013,-0.957690,-0.265528
0.033601,0.237704,-0.002114
--
0.120395,-0.957182,-0.263263
0.133168,0.233695,-0.006201
--
0.119787,-0.955793,-0.268535
0.006663,0.126312,0.082218
--
0.131569,-0.957818,-0.255487
0.087913,-0.095326,-0.111671
--
0.138503,-0.958179,-0.250418
-0.012884,-0.129645,0.019781
--
0.145451,-0.957127,-0.250504
0.022359,-0.104095,-0.087925
--
0.155191,-0.958186,-0.240406
-0.038362,-0.114923,-0.035801
--
0.148126,-0.960436,-0.235844
0.023600,-0.093814,0.091651
--
0.142241,-0.963408,-0.227185
0.048127,0.066008,0.142031
--
0.128417,-0.965772,-0.225373
0.148913,0.081902,0.138897
