-0.093445,-1.010086,-0.034637
-0.007936,-0.001736,0.020370
--
-0.052872,-1.027878,-0.020355
0.025674,-0.017848,0.014992
--
-0.115921,-0.978424,-0.068649
-0.025719,0.008732,-0.001262
--
-0.071503,-0.991776,-0.077042
0.018206,-0.003505,-0.015426
--
-0.036636,-1.016037,-0.047928
0.011136,-0.005918,-0.004899
--
-0.047485,-0.995132,-0.052139
0.019559,0.006851,0.014730
--
-0.093536,-0.989777,-0.121643
-0.026665,0.014041,-0.040181
--
-0.146454,-0.990479,-0.089508
-0.059969,-0.008285,-0.008798
--
-0.110123,-0.984116,-0.042877
-0.027307,0.006909,0.070065
--
-0.072769,-0.967331,-0.087112
0.017364,0.035658,-0.001719
--
-0.090118,-0.972824,-0.032928
-0.022564,0.030115,0.050640
--
-0.109909,-0.997086,-0.056580
-0.026124,-0.005674,0.012675
--
-0.117401,-1.009842,-0.070389
-0.017603,-0.019910,-0.022762
--
-0.025864,-1.017609,-0.128738
0.052066,-0.033972,-0.061617
--
0.016602,-1.032730,-0.128265
0.063853,-0.035467,-0.063044
--
-0.078064,-0.998917,-0.109604
-0.051485,0.016509,-0.030014
--
-0.067581,-0.988693,-0.125397
-0.035731,0.031637,-0.034669
--
-0.113510,-0.945953,-0.060974
0.001360,0.004998,0.034821
--
-0.050598,-0.986450,-0.003906
0.043124,0.001598,0.080606
--
-0.045639,-1.001938,0.021912
0.055922,-0.003051,0.099309
--
-0.087082,-0.980301,-0.066406
0.014393,0.019609,0.027040
--
-0.136826,-0.980057,-0.157623
-0.019244,0.016716,-0.049805
--
-0.142731,-0.974609,-0.135986
-0.038063,0.007146,-0.025342
--
-0.082062,-0.983429,-0.133453
0.003145,0.006037,-0.032217
--
-0.103577,-0.966217,-0.079483
-0.018858,0.038261,0.011941
--
-0.051590,-0.967316,-0.105667
0.004307,0.025359,0.010432
--
-0.001404,-0.972839,-0.169357
0.048770,0.021517,-0.008221
--
0.048935,-0.988373,-0.243820
0.072832,0.001453,-0.068155
--
-0.002930,-0.997604,-0.185944
-0.004268,-0.011107,0.024794
--
-0.002960,-0.991119,-0.212646
0.006254,-0.014990,-0.008216
--
0.011169,-0.964844,-0.264038
0.001020,-0.005350,-0.041275
--
0.061127,-0.964371,-0.254745
0.017722,-0.007671,-0.009824
--
0.127747,-0.998810,-0.179916
0.025039,-0.012188,0.039720
--
0.101624,-0.985291,-0.187149
-0.007557,-0.006888,0.017998
--
0.095673,-0.979584,-0.145782
-0.007409,0.007148,-0.005952
--
0.139175,-0.999390,-0.128494
0.022231,-0.002380,0.019023
--
0.094406,-0.955917,-0.143036
-0.018122,0.003969,-0.021238
--
0.077179,-0.962265,-0.145111
-0.041848,0.030471,-0.023943
--
0.106506,-1.002167,-0.120850
0.012913,-0.024789,-0.000102
--
0.118515,-0.961685,-0.147736
0.000464,0.020547,-0.022285
--
0.245651,-0.985229,-0.131683
0.035656,0.029968,0.001393
--
0.243347,-0.962936,-0.091431
0.068861,0.004226,0.059936
--
0.191544,-0.968323,-0.104614
0.008128,0.019424,0.041210
--
0.179413,-0.982712,-0.172699
-0.011159,-0.002180,-0.027338
--
0.183014,-0.960800,-0.211334
-0.015849,0.009428,-0.057707
--
0.255295,-0.987457,-0.129593
0.048460,-0.018616,0.019247
--
0.212723,-0.962051,-0.164688
0.002603,-0.016082,0.020848
--
0.227585,-0.993912,-0.160370
-0.000693,-0.013376,-0.001073
--
0.173325,-0.962601,-0.154175
-0.036336,0.002708,0.013419
--
0.179199,-0.959808,-0.218277
-0.013499,-0.007360,-0.043847
--
0.203156,-0.968307,-0.143021
0.003948,-0.001430,0.025228
--
0.204361,-0.982391,-0.163620
-0.008816,-0.019758,-0.004860
--
0.202438,-0.971542,-0.228851
-0.007989,-0.002919,-0.035283
