-0.030136,-1.000519,-0.046036
--
0.145963,-0.951596,-0.249396
-0.072540,-0.991287,-0.046463
--
0.132417,-0.955360,-0.233753
-0.081039,-0.982056,-0.170929
--
0.116651,-0.958123,-0.219346
-0.127975,-0.937958,-0.082855
--
0.101444,-0.959964,-0.215622
-0.072433,-0.991898,-0.087891
--
0.083796,-0.958271,-0.205409
-0.037445,-1.030350,-0.021194
--
0.071778,-0.960858,-0.196369
-0.130463,-0.974426,-0.031296
--
0.063377,-0.966204,-0.182894
-0.086212,-0.979660,-0.022003
--
0.048466,-0.966836,-0.171233
-0.042450,-1.011978,-0.050964
--
0.038106,-0.967823,-0.159753
-0.055298,-0.988785,-0.039429
--
0.031909,-0.971219,-0.151385
-0.036163,-0.976151,-0.071945
--
0.025201,-0.972570,-0.142773
0.008118,-0.991425,-0.012253
--
0.020481,-0.972846,-0.137325
0.017807,-0.997742,-0.018997
--
0.019530,-0.974275,-0.127704
-0.060669,-0.950134,-0.028931
--
0.019397,-0.976080,-0.119342
0.014282,-1.013870,-0.054443
--
0.013238,-0.974084,-0.112387
0.012512,-1.015549,-0.105743
--
0.013319,-0.977145,-0.107930
-0.030991,-0.997375,-0.100342
--
0.013257,-0.980099,-0.107762
-0.009872,-0.998810,-0.085342
--
0.009853,-0.981428,-0.107191
0.002426,-0.982773,-0.102142
--
0.008336,-0.982765,-0.105510
0.040009,-0.999054,-0.058289
--
0.007881,-0.982765,-0.105251
0.190491,-1.024734,-0.134766
--
0.010352,-0.984018,-0.101639
0.042389,-0.960922,-0.065475
--
0.024209,-0.987150,-0.104187
0.061707,-0.962067,-0.099838
--
0.025608,-0.985133,-0.101209
0.074585,-0.987381,-0.121231
--
0.028384,-0.983359,-0.101104
0.111252,-0.985611,-0.187073
--
0.031938,-0.983668,-0.102652
0.143387,-1.012573,-0.212250
--
0.038039,-0.983817,-0.109146
0.038757,-0.968414,-0.113785
--
0.046143,-0.986029,-0.117077
0.100723,-0.989334,-0.195023
--
0.045575,-0.984674,-0.116824
0.079239,-0.974899,-0.132172
--
0.049817,-0.985033,-0.122839
0.081100,-0.966507,-0.156891
--
0.052080,-0.984253,-0.123557
0.059616,-0.938660,-0.180954
--
0.054313,-0.982888,-0.126121
0.090973,-0.980881,-0.177399
--
0.054721,-0.979486,-0.130339
0.083191,-0.964844,-0.238770
--
0.057509,-0.979593,-0.133959
0.106934,-0.936844,-0.285187
--
0.059485,-0.978459,-0.142021
0.125519,-0.965378,-0.248291
--
0.063135,-0.975258,-0.153034
0.115768,-0.951691,-0.274139
--
0.067933,-0.974498,-0.160361
0.114120,-0.960632,-0.349075
--
0.071613,-0.972743,-0.169114
0.089035,-0.960037,-0.297974
--
0.074883,-0.971812,-0.182957
0.070358,-0.933655,-0.283554
--
0.075971,-0.970906,-0.191804
0.071213,-0.926697,-0.276672
--
0.075540,-0.968040,-0.198862
0.133209,-0.959351,-0.287735
--
0.075207,-0.964860,-0.204847
0.123230,-0.937912,-0.255432
--
0.079669,-0.964436,-0.211223
0.159927,-0.956375,-0.227356
--
0.083019,-0.962396,-0.214624
0.144409,-0.938843,-0.271042
--
0.088935,-0.961933,-0.215603
0.161194,-0.975327,-0.244965
--
0.093203,-0.960157,-0.219868
0.177719,-0.985916,-0.258545
--
0.098433,-0.961324,-0.221798
0.150497,-0.966110,-0.242172
--
0.104532,-0.963215,-0.224625
0.132355,-0.977112,-0.228394
--
0.108068,-0.963438,-0.225975
0.105164,-0.957413,-0.218918
