-0.010580,-0.998478,0.054135
-0.076767,0.411049,-0.079709
--
-0.017342,-0.998160,0.058097
-0.014175,-0.010939,-0.072221
--
-0.016294,-0.998209,0.057554
-0.089517,-0.049989,-0.033104
--
-0.018112,-0.998217,0.056882
-0.048201,-0.040614,0.084758
--
-0.021040,-0.998311,0.054157
-0.017905,-0.086977,0.038566
--
-0.013144,-0.998679,0.049667
-0.032357,0.011553,-0.058964
--
-0.000086,-0.999046,0.043676
-0.010454,0.066013,-0.000958
--
0.004151,-0.999228,0.039065
-0.020665,-0.238724,-0.013670
--
0.006694,-0.999228,0.038699
0.121989,0.217394,0.072073
--
0.022981,-0.998822,0.042732
-0.023865,0.112166,-0.270418
--
0.039406,-0.998313,0.042651
-0.082060,0.184093,-0.151841
--
0.042813,-0.998473,0.034912
-0.073285,0.373875,0.052080
--
0.035006,-0.999209,0.018845
-0.224110,0.177576,0.039918
--
0.018601,-0.999794,0.008092
-0.156162,0.120685,0.110802
--
0.011834,-0.999905,0.007084
-0.093911,0.338710,0.041968
--
0.014291,-0.999898,-0.000283
0.101532,0.298685,0.202905
--
0.009376,-0.999911,0.009446
0.012849,0.232522,-0.082520
--
0.009015,-0.999887,0.012071
0.123479,0.340267,0.160281
--
-0.003108,-0.999921,0.012211
0.220639,0.408833,0.251130
--
-0.021435,-0.999477,0.024210
0.155017,0.351524,-0.070162
--
-0.018104,-0.999362,0.030789
-0.133800,0.477290,-0.147080
--
-0.007419,-0.999853,0.015426
-0.126815,0.299982,-0.076639
--
0.005414,-0.999971,-0.005351
-0.245996,0.195632,-0.230775
--
0.009976,-0.999740,-0.020519
-0.100294,0.166846,-0.129968
--
0.007844,-0.999732,-0.021758
-0.029802,0.184287,0.089861
--
-0.006092,-0.999854,-0.015966
0.030916,0.143202,0.107471
--
0.006661,-0.999662,-0.025141
-0.174180,0.203639,-0.216361
--
0.019085,-0.999553,-0.023001
0.038150,0.045100,-0.063615
--
0.027337,-0.999394,-0.021557
-0.051836,-0.086662,0.061918
--
0.012602,-0.999489,-0.029387
-0.008355,-0.233901,0.112088
--
0.000162,-0.999282,-0.037897
-0.040742,0.092219,0.032272
--
-0.007972,-0.998846,-0.047365
-0.009096,0.202954,0.097006
--
-0.017381,-0.998750,-0.046870
0.021215,0.164073,0.090085
--
-0.015478,-0.998582,-0.050935
-0.134345,0.076037,-0.086424
--
-0.014958,-0.998441,-0.053777
-0.072537,-0.044583,-0.051605
--
-0.009161,-0.998212,-0.059071
-0.018181,-0.268126,-0.008978
--
-0.006146,-0.997929,-0.064025
-0.031280,-0.088163,-0.054768
--
-0.000402,-0.997687,-0.067977
-0.108844,0.046322,-0.004788
--
-0.002742,-0.997595,-0.069257
0.102687,0.247568,0.052684
--
-0.019479,-0.998604,-0.049098
0.219218,0.178218,0.181325
--
-0.020641,-0.998336,-0.053841
-0.172800,0.333321,-0.033382
--
-0.020529,-0.998319,-0.054207
-0.014110,0.021595,0.023564
--
-0.022001,-0.998305,-0.053879
0.006523,0.016292,-0.022013
--
-0.026026,-0.998332,-0.051527
0.034423,-0.015189,0.003042
--
-0.025335,-0.998349,-0.051557
-0.105044,0.093479,-0.177655
--
-0.026173,-0.998305,-0.051990
0.021057,-0.039565,0.019543
--
-0.029577,-0.998196,-0.052242
-0.005677,-0.049888,0.028425
--
-0.031507,-0.998145,-0.052104
-0.005865,-0.168142,0.035129
--
-0.036571,-0.998036,-0.050853
0.261064,-0.346576,0.210194
--
-0.035795,-0.998141,-0.049330
-0.170745,0.003357,-0.092375
