0.033112,-0.990601,-0.033737
0.017721,0.004682,0.008500
--
0.006302,-0.992035,-0.056656
-0.013374,0.012756,-0.017818
--
0.076843,-0.958374,-0.017853
0.029734,0.039066,0.033950
--
-0.009369,-1.032471,-0.101852
-0.017472,-0.029866,-0.019365
--
0.024734,-0.999069,-0.092972
0.040621,-0.003237,-0.042818
--
0.001678,-1.002884,-0.069443
-0.003209,-0.027679,0.006870
--
-0.018707,-0.985764,-0.086517
-0.010400,0.020209,-0.018306
--
-0.012894,-0.989761,-0.077560
0.002420,0.017651,-0.020037
--
-0.020645,-0.990234,-0.060837
0.018152,0.005888,0.018123
--
-0.021362,-0.999527,-0.093353
0.020242,0.000052,-0.030273
--
-0.025070,-1.017365,-0.044876
0.052146,-0.058787,0.024894
--
-0.039841,-0.984192,-0.092636
0.004737,-0.003026,-0.002262
--
-0.056320,-0.973846,-0.093842
-0.031141,0.009170,-0.006559
--
-0.038864,-0.988937,-0.078751
-0.029496,-0.005890,0.009815
--
-0.055710,-1.019867,-0.081604
-0.030249,-0.000257,0.012958
--
-0.035187,-0.977188,-0.074860
0.001024,0.025750,-0.008099
--
-0.021912,-0.962158,-0.090683
0.013853,0.025354,-0.007072
--
-0.015656,-0.997589,-0.081451
0.003836,-0.010908,0.002580
--
-0.020203,-1.015289,-0.093201
-0.026805,-0.006889,-0.026391
--
-0.012741,-1.000671,-0.084381
-0.021085,0.004559,-0.016464
--
-0.027145,-0.999252,-0.087463
-0.030930,0.006359,-0.011161
--
0.015259,-1.007812,-0.105774
0.020391,-0.022240,-0.024817
--
0.007370,-0.999817,-0.050644
-0.002854,-0.008154,0.017141
--
0.010483,-1.017502,-0.042587
-0.009217,-0.023209,0.017030
--
0.033920,-0.978821,-0.033813
-0.001760,0.007540,0.020070
--
0.032043,-0.979050,-0.053574
-0.029077,0.055042,-0.004631
--
0.012634,-0.970047,-0.018280
-0.008313,0.062063,0.008717
--
-0.015869,-0.990997,-0.035126
-0.036988,0.031123,-0.008758
--
0.014801,-0.989746,-0.016144
-0.003578,0.020557,0.017867
--
0.025635,-0.938065,-0.019409
0.010938,0.043937,0.010120
--
0.061127,-0.999496,-0.041336
0.011116,-0.007182,-0.004118
--
0.009964,-0.969467,-0.116013
0.001691,0.004285,0.000535
--
0.023392,-0.979706,-0.049698
0.003147,-0.017377,-0.003302
--
0.006943,-1.036377,-0.065186
-0.038030,-0.042199,0.013740
--
-0.019180,-1.016510,-0.106995
-0.042526,-0.021071,-0.015117
--
0.007660,-1.014252,-0.093964
-0.012517,-0.016576,-0.037152
--
-0.008728,-1.013489,-0.077332
-0.017314,-0.015698,-0.046843
--
-0.001816,-0.970367,-0.004608
-0.004262,0.028665,0.039299
--
0.010986,-1.002243,0.057892
-0.040932,-0.035988,0.080600
--
0.014938,-1.001419,-0.009155
0.038511,-0.023212,-0.060380
--
0.014069,-0.938492,-0.005722
0.017610,0.052918,0.008599
--
0.018448,-0.981491,0.018326
0.010565,0.008966,0.014986
--
-0.001495,-0.998230,0.037048
0.009315,-0.004919,0.003944
--
-0.017532,-1.012207,-0.012299
0.007397,-0.017826,-0.013444
