0.010142,-0.999798,0.017346
0.038041,-0.029698,-0.087273
--
0.011714,-0.999684,0.022225
-0.012998,-0.020649,0.065423
--
0.013240,-0.999637,0.023476
0.060027,0.068907,-0.065630
--
0.013778,-0.999557,0.026392
-0.026263,0.011322,-0.012687
--
0.022585,-0.999406,0.026041
-0.048138,0.006317,0.052651
--
0.024760,-0.999547,0.017081
-0.221839,-0.007888,-0.026481
--
0.035334,-0.999373,0.002069
-0.136812,0.035550,-0.086785
--
0.047704,-0.998851,-0.004542
-0.072534,-0.008183,0.007102
--
0.058219,-0.998158,-0.017072
-0.056592,0.085934,-0.156937
--
0.063558,-0.997957,-0.006554
0.302073,0.367130,-0.018875
--
0.048774,-0.998370,0.029646
0.344244,0.107930,0.177062
--
0.024296,-0.998254,0.053847
0.213001,0.016243,0.201356
--
0.014777,-0.998711,0.048567
-0.255592,0.101570,0.002791
--
0.022793,-0.999623,0.015303
-0.387915,0.135405,0.245206
--
0.011708,-0.999416,-0.032090
-0.690983,0.520462,0.193866
--
0.006564,-0.997476,-0.070696
0.480947,0.647134,0.052218
--
0.036540,-0.999318,-0.005397
0.251077,0.358349,-0.390376
--
0.068194,-0.997511,-0.017935
-0.069441,0.501358,-0.202702
--
0.094944,-0.995035,-0.029845
-0.144818,0.444848,-0.356553
--
0.093744,-0.995271,-0.025442
0.197090,0.087328,0.169452
--
0.079388,-0.996819,-0.006965
0.092742,0.099719,-0.216661
--
0.110625,-0.993777,-0.012988
-0.222165,-0.184897,-0.736481
--
0.155866,-0.987458,-0.025147
-0.144152,0.026007,-0.400320
--
0.175974,-0.984171,-0.020998
-0.076054,0.090205,-0.191036
--
0.194016,-0.980805,-0.019462
-0.294721,-0.005765,0.039116
--
0.161901,-0.986190,-0.034877
-0.434127,0.154609,0.379493
--
0.118293,-0.989198,-0.086572
-0.487911,-0.078090,0.500291
--
0.085206,-0.992216,-0.090814
0.277942,0.493987,0.315563
--
0.058232,-0.995394,-0.076161
0.018394,0.724521,0.292281
--
0.023967,-0.995721,-0.089252
-0.176002,0.642455,0.314223
--
-0.013994,-0.995509,-0.093626
-0.049925,0.429130,0.152169
--
-0.002124,-0.995160,-0.098247
-0.140139,0.179403,-0.100807
--
0.000189,-0.994879,-0.101075
0.198619,0.170721,-0.113303
--
0.016004,-0.995948,-0.088491
0.002813,-0.065186,-0.325498
--
0.027325,-0.996752,-0.075753
0.080274,-0.282034,0.001154
--
0.021738,-0.996312,-0.083000
0.009840,-0.309115,-0.037401
--
0.026507,-0.995085,-0.095415
-0.047568,-0.542042,-0.039706
--
0.017711,-0.994242,-0.105684
0.056946,-0.466636,-0.064747
--
-0.006170,-0.995592,-0.093589
0.238130,-0.278574,0.159319
--
-0.017860,-0.996012,-0.087409
0.062191,-0.193511,0.152671
--
-0.031871,-0.995494,-0.089307
-0.153892,-0.141235,0.131980
--
-0.032669,-0.994972,-0.094679
-0.074766,0.000808,-0.017116
--
-0.036590,-0.994752,-0.095545
-0.083207,0.019982,0.017130
