-0.076767,0.411049,-0.079709
0.004479,-0.991428,-0.033928
--
-0.014175,-0.010939,-0.072221
0.001292,-0.992896,-0.026815
--
-0.089517,-0.049989,-0.033104
-0.000244,-0.994298,-0.020313
--
-0.048201,-0.040614,0.084758
-0.000574,-0.994181,-0.013553
--
-0.017905,-0.086977,0.038566
-0.003385,-0.994668,-0.007177
--
-0.032357,0.011553,-0.058964
-0.003812,-0.996288,-0.003996
--
-0.010454,0.066013,-0.000958
-0.001728,-0.995519,-0.000906
--
-0.020665,-0.238724,-0.013670
0.001034,-0.996360,0.001054
--
0.121989,0.217394,0.072073
0.007591,-0.997905,0.000627
--
-0.023865,0.112166,-0.270418
0.009218,-1.000288,0.002329
--
-0.082060,0.184093,-0.151841
0.011736,-1.001524,0.004962
--
-0.073285,0.373875,0.052080
0.015642,-0.999458,0.008065
--
-0.224110,0.177576,0.039918
0.014646,-0.996246,0.012247
--
-0.156162,0.120685,0.110802
0.013270,-0.997456,0.014009
--
-0.093911,0.338710,0.041968
0.009767,-1.002250,0.012384
--
0.101532,0.298685,0.202905
0.010307,-1.001738,0.010801
--
0.012849,0.232522,-0.082520
0.010685,-1.003371,0.009736
--
0.123479,0.340267,0.160281
0.013206,-1.001688,0.009503
--
0.220639,0.408833,0.251130
0.012067,-1.000200,0.007440
--
0.155017,0.351524,-0.070162
0.008298,-1.000452,0.007118
--
-0.133800,0.477290,-0.147080
0.005439,-0.997937,0.010068
--
-0.126815,0.299982,-0.076639
0.003116,-0.996583,0.009461
--
-0.245996,0.195632,-0.230775
0.000461,-0.995693,0.008899
--
-0.100294,0.166846,-0.129968
-0.002324,-0.997287,0.007790
--
-0.029802,0.184287,0.089861
-0.004039,-0.996451,0.006302
--
0.030916,0.143202,0.107471
-0.004709,-0.997670,0.005253
--
-0.174180,0.203639,-0.216361
-0.005032,-0.998800,0.004668
--
0.038150,0.045100,-0.063615
-0.002316,-0.998659,0.003915
--
-0.051836,-0.086662,0.061918
0.001991,-0.995261,0.003286
--
-0.008355,-0.233901,0.112088
0.002018,-0.994948,0.002391
--
-0.040742,0.092219,0.032272
0.001333,-0.996480,-0.000474
--
-0.009096,0.202954,0.097006
-0.000822,-0.994051,-0.007262
--
0.021215,0.164073,0.090085
-0.002609,-0.996302,-0.010227
--
-0.134345,0.076037,-0.086424
-0.001857,-0.995652,-0.012358
--
-0.072537,-0.044583,-0.051605
-0.003903,-0.994739,-0.014426
--
-0.018181,-0.268126,-0.008978
-0.008219,-0.994587,-0.017488
--
-0.031280,-0.088163,-0.054768
-0.009187,-0.993626,-0.019310
--
-0.108844,0.046322,-0.004788
-0.009478,-0.992951,-0.023794
--
0.102687,0.247568,0.052684
-0.008527,-0.994594,-0.030259
--
0.219218,0.178218,0.181325
-0.009815,-0.994874,-0.033975
--
-0.172800,0.333321,-0.033382
-0.011840,-0.993857,-0.034994
--
-0.014110,0.021595,0.023564
-0.013940,-0.992454,-0.035560
--
0.006523,0.016292,-0.022013
-0.009532,-0.990324,-0.037328
--
0.034423,-0.015189,0.003042
-0.010746,-0.991052,-0.038527
--
-0.105044,0.093479,-0.177655
-0.013793,-0.991432,-0.039424
--
0.021057,-0.039565,0.019543
-0.013834,-0.989215,-0.039490
--
-0.005677,-0.049888,0.028425
-0.013411,-0.988198,-0.041587
--
-0.005865,-0.168142,0.035129
-0.013583,-0.989337,-0.042297
--
0.261064,-0.346576,0.210194
-0.011177,-0.988621,-0.045374
--
-0.170745,0.003357,-0.092375
-0.010847,-0.990566,-0.044719
