0.038041,-0.029698,-0.087273
0.000000,0.000000,0.000000
--
-0.012998,-0.020649,0.065423
0.002291,-0.079550,0.000235
--
0.060027,0.068907,-0.065630
0.004446,-0.150761,0.002332
--
-0.026263,0.011322,-0.012687
0.005068,-0.214013,0.005527
--
-0.048138,0.006317,0.052651
0.007201,-0.272985,0.008114
--
-0.221839,-0.007888,-0.026481
0.011393,-0.327648,0.010371
--
-0.136812,0.035550,-0.086785
0.015212,-0.379212,0.009125
--
-0.072534,-0.008183,0.007102
0.021656,-0.429260,0.007033
--
-0.056592,0.085934,-0.156937
0.025792,-0.473028,0.007040
--
0.302073,0.367130,-0.018875
0.027189,-0.514929,0.007568
--
0.344244,0.107930,0.177062
0.027444,-0.553298,0.006376
--
0.213001,0.016243,0.201356
0.026029,-0.587543,0.009121
--
-0.255592,0.101570,0.002791
0.025921,-0.620465,0.012511
--
-0.387915,0.135405,0.245206
0.027945,-0.649203,0.014582
--
-0.690983,0.520462,0.193866
0.031057,-0.674796,0.015965
--
0.480947,0.647134,0.052218
0.030396,-0.698257,0.010381
--
0.251077,0.358349,-0.390376
0.019425,-0.718775,0.003236
--
-0.069441,0.501358,-0.202702
0.016688,-0.737775,-0.001475
--
-0.144818,0.444848,-0.356553
0.017417,-0.756267,-0.001844
--
0.197090,0.087328,0.169452
0.021897,-0.775197,-0.007224
--
0.092742,0.099719,-0.216661
0.022058,-0.794327,-0.010160
--
-0.222165,-0.184897,-0.736481
0.024097,-0.810527,-0.007328
--
-0.144152,0.026007,-0.400320
0.027550,-0.826266,-0.008261
--
-0.076054,0.090205,-0.191036
0.035977,-0.839785,-0.011134
--
-0.294721,-0.005765,0.039116
0.046448,-0.849391,-0.012799
--
-0.434127,0.154609,0.379493
0.060356,-0.860079,-0.015805
--
-0.487911,-0.078090,0.500291
0.070444,-0.869351,-0.015041
--
0.277942,0.493987,0.315563
0.071935,-0.877362,-0.025031
--
0.018394,0.724521,0.292281
0.074969,-0.887755,-0.029053
--
-0.176002,0.642455,0.314223
0.073468,-0.896593,-0.032125
--
-0.049925,0.429130,0.152169
0.068978,-0.903891,-0.039699
--
-0.140139,0.179403,-0.100807
0.058321,-0.910461,-0.044696
--
0.198619,0.170721,-0.113303
0.052341,-0.916990,-0.051777
--
0.002813,-0.065186,-0.325498
0.045766,-0.922106,-0.055294
--
0.080274,-0.282034,0.001154
0.048203,-0.927263,-0.058922
--
0.009840,-0.309115,-0.037401
0.043894,-0.933328,-0.062772
--
-0.047568,-0.542042,-0.039706
0.042102,-0.936862,-0.065033
--
0.056946,-0.466636,-0.064747
0.038224,-0.939256,-0.069421
--
0.238130,-0.278574,0.159319
0.038677,-0.943990,-0.076835
--
0.062191,-0.193511,0.152671
0.034545,-0.951376,-0.078076
--
-0.153892,-0.141235,0.131980
0.033556,-0.954765,-0.076264
--
-0.074766,0.000808,-0.017116
0.026364,-0.957367,-0.078216
--
-0.083207,0.019982,0.017130
0.022172,-0.960455,-0.080144
