-0.036957,-1.010513,0.058548
0.020894,-0.021679,-0.011884
--
-0.018677,-1.011124,0.057709
-0.001334,-0.012963,-0.000388
--
-0.004532,-0.992767,0.067566
0.011762,0.005442,0.010012
--
-0.037109,-1.000519,0.069336
-0.018998,-0.002302,0.012454
--
-0.008942,-1.015732,0.034180
0.001295,-0.002178,-0.010333
--
0.023285,-0.986282,0.036163
0.033545,0.012519,-0.011551
--
0.034180,-1.006454,0.024582
0.034021,0.007530,-0.005392
--
0.086273,-1.016449,-0.004501
0.092819,-0.026361,-0.040423
--
0.028732,-1.028885,0.022751
0.017201,-0.030358,-0.006122
--
0.041962,-1.016357,0.036560
0.034224,-0.008105,0.000786
--
0.062515,-0.974655,0.045303
0.024025,0.027487,-0.001331
--
0.002686,-0.957703,0.062424
-0.028607,0.039412,0.028596
--
-0.003235,-1.011978,0.035156
-0.032488,-0.012860,0.022278
--
-0.032272,-1.059784,-0.007111
-0.055451,-0.075477,-0.010182
--
0.016785,-0.995590,-0.008194
-0.008629,0.014675,-0.009541
--
0.015228,-1.022964,-0.003052
0.000815,-0.013301,-0.005821
--
0.043457,-0.981491,0.006714
0.034081,0.018420,-0.002732
--
-0.001602,-0.982346,-0.017319
0.010211,0.036538,-0.028382
--
-0.036926,-1.003479,0.003250
-0.032033,0.007107,-0.014928
--
-0.028870,-0.967758,0.045471
-0.016727,0.012233,0.011449
--
-0.024765,-0.980331,0.002182
0.000831,0.032794,-0.012876
--
-0.031403,-0.985016,0.002151
-0.020154,0.015707,-0.012253
--
-0.035736,-1.016418,-0.005524
-0.021970,-0.014143,-0.000996
--
-0.024628,-0.986420,-0.011551
-0.022107,0.013915,0.009059
--
-0.012741,-1.012299,-0.007339
-0.020585,-0.012566,0.014418
--
-0.008911,-1.012360,-0.002350
-0.002820,-0.012506,0.013617
--
0.030273,-0.996964,-0.005112
0.023612,0.002698,0.020029
--
0.053680,-0.954483,-0.004272
0.043278,0.044689,0.011923
--
0.002335,-0.991196,-0.008347
-0.016656,0.025883,0.029903
--
-0.006882,-1.014862,-0.034851
-0.016920,0.007179,-0.003663
--
-0.026688,-0.964905,-0.088715
-0.042199,0.032988,-0.045019
--
-0.024048,-1.023315,-0.045807
-0.014046,-0.030588,-0.010207
--
0.007172,-0.987854,-0.037933
0.006318,0.010407,0.001872
--
-0.028458,-0.983780,-0.039246
0.036169,0.003434,0.014161
--
-0.060013,-0.992767,-0.054230
-0.035274,-0.005572,-0.007213
--
-0.020798,-0.982086,-0.041168
-0.014322,0.005307,0.010075
--
-0.012970,-0.984848,-0.077606
-0.014103,-0.018932,-0.002504
--
0.002884,-1.014313,-0.107834
0.004171,-0.009866,-0.045793
--
-0.025269,-0.998230,-0.078568
-0.028050,-0.016275,-0.018115
--
-0.036148,-0.981659,-0.047226
-0.042564,0.011116,0.016520
--
-0.039139,-0.975616,-0.042358
-0.044239,0.010681,0.003471
--
0.043365,-0.964767,-0.058533
0.021857,0.021008,-0.013481
--
-0.025314,-0.999786,-0.052917
-0.004199,-0.008241,0.005952
--
-0.050354,-0.995987,-0.050186
-0.033972,0.004589,-0.001726
--
-0.014328,-0.962616,-0.040283
-0.007258,0.038098,-0.001742
--
-0.008331,-0.975998,-0.066757
0.013020,0.025389,-0.016828
--
-0.015656,-1.003006,-0.050812
0.007131,-0.001697,-0.001622
--
0.017700,-0.980026,-0.082306
0.034894,0.010947,-0.016453
--
-0.006882,-1.013901,-0.036850
0.027599,-0.003154,0.005992
--
-0.037582,-1.015045,-0.049927
0.008604,-0.004499,-0.001589
