0.029785,-1.034149,0.003052
--
0.000000,0.000000,0.000000
0.030304,-1.005295,0.027496
--
0.002291,-0.079550,0.000235
0.012527,-0.973038,0.043869
--
0.004446,-0.150761,0.002332
0.032806,-0.980652,0.039154
--
0.005068,-0.214013,0.005527
0.061691,-0.983597,0.037460
--
0.007201,-0.272985,0.008114
0.061035,-0.997986,-0.005829
--
0.011393,-0.327648,0.010371
0.098984,-1.029831,-0.018066
--
0.015212,-0.379212,0.009125
0.075424,-0.998245,0.007126
--
0.021656,-0.429260,0.007033
0.043961,-1.017746,0.013901
--
0.025792,-0.473028,0.007040
0.030502,-1.013718,-0.007935
--
0.027189,-0.514929,0.007568
0.009048,-0.998489,0.042068
--
0.027444,-0.553298,0.006376
0.024628,-1.015533,0.053192
--
0.026029,-0.587543,0.009121
0.052231,-0.994049,0.039429
--
0.025921,-0.620465,0.012511
0.068405,-0.981918,0.032562
--
0.027945,-0.649203,0.014582
0.022461,-0.979782,-0.056625
--
0.031057,-0.674796,0.015965
-0.112228,-0.964996,-0.082504
--
0.030396,-0.698257,0.010381
-0.016159,-0.965775,-0.058014
--
0.019425,-0.718775,0.003236
0.026169,-0.978165,-0.006271
--
0.016688,-0.737775,-0.001475
0.075653,-1.002365,-0.071777
--
0.017417,-0.756267,-0.001844
0.023987,-1.023880,-0.045395
--
0.021897,-0.775197,-0.007224
0.048569,-1.004929,0.026657
--
0.022058,-0.794327,-0.010160
0.068985,-1.015137,-0.019455
--
0.024097,-0.810527,-0.007328
0.137100,-1.002014,-0.045609
--
0.027550,-0.826266,-0.008261
0.172104,-0.964661,-0.032776
--
0.035977,-0.839785,-0.011134
0.227249,-0.988342,-0.051880
--
0.046448,-0.849391,-0.012799
0.191498,-0.980606,-0.005875
--
0.060356,-0.860079,-0.015805
0.089828,-0.973495,-0.144913
--
0.070444,-0.869351,-0.015041
0.111374,-1.012466,-0.077316
--
0.071935,-0.877362,-0.025031
0.055466,-1.002655,-0.068985
--
0.074969,-0.887755,-0.029053
0.015091,-0.991470,-0.130585
--
0.073468,-0.896593,-0.032125
-0.069565,-0.989304,-0.104660
--
0.068978,-0.903891,-0.039699
-0.019409,-0.995331,-0.136749
--
0.058321,-0.910461,-0.044696
-0.033142,-0.983505,-0.097504
--
0.052341,-0.916990,-0.051777
0.077454,-0.989136,-0.102463
--
0.045766,-0.922106,-0.055294
-0.007812,-1.006119,-0.108963
--
0.048203,-0.927263,-0.058922
0.020599,-0.979263,-0.092163
--
0.043894,-0.933328,-0.062772
-0.008316,-0.967987,-0.122086
--
0.042102,-0.936862,-0.065033
0.044113,-1.000793,-0.165802
--
0.038224,-0.939256,-0.069421
-0.015045,-1.040009,-0.092972
--
0.038677,-0.943990,-0.076835
0.021698,-0.995438,-0.054520
--
0.034545,-0.951376,-0.078076
-0.059952,-0.988586,-0.101639
--
0.033556,-0.954765,-0.076264
-0.028122,-0.997513,-0.103271
--
0.026364,-0.957367,-0.078216
-0.006989,-0.992661,-0.126816
