-0.096445,0.085451,0.122745
0.019929,-0.962932,-0.083734
--
-0.035449,0.298871,-0.143056
0.020943,-0.965061,-0.079888
--
-0.171398,0.342975,0.174526
0.019817,-0.967136,-0.078101
--
0.082348,0.267010,-0.016431
0.024204,-0.966462,-0.073466
--
-0.119643,0.073748,0.317386
0.021621,-0.971539,-0.075650
--
-0.153636,0.081430,-0.045773
0.021861,-0.973657,-0.076982
--
0.061203,0.007418,0.121796
0.020308,-0.975905,-0.076402
--
-0.009131,0.108713,0.242430
0.017307,-0.976664,-0.077180
--
-0.043106,0.089267,0.167760
0.014984,-0.977671,-0.077210
--
-0.092929,0.126073,0.190781
0.012243,-0.978637,-0.075950
--
-0.063628,0.222230,0.004404
0.009658,-0.980244,-0.077289
--
0.076145,0.262483,-0.211100
0.006987,-0.983100,-0.074796
--
0.025393,0.458014,-0.139940
0.003385,-0.983184,-0.076168
--
-0.030734,0.260478,-0.018375
-0.001208,-0.982465,-0.077527
--
0.014091,0.153938,0.006513
-0.004105,-0.982963,-0.077622
--
0.093003,0.128064,0.028722
-0.008074,-0.985802,-0.077928
--
0.038361,0.129345,-0.084362
-0.010160,-0.985139,-0.077692
--
-0.081927,0.110926,-0.204155
-0.011064,-0.983372,-0.078691
--
0.014086,0.190080,-0.109725
-0.011417,-0.984465,-0.078904
--
-0.029560,0.247411,-0.031574
-0.012093,-0.986836,-0.080003
--
0.077259,0.224673,0.071726
-0.012143,-0.987901,-0.080340
--
0.269026,0.158375,0.086638
-0.013297,-0.988774,-0.080888
--
-0.164510,0.149352,-0.152499
-0.011100,-0.990238,-0.082802
--
0.118311,0.015884,-0.135778
-0.009679,-0.990975,-0.080329
--
-0.005625,-0.064696,-0.364191
-0.008129,-0.993016,-0.077425
--
0.084462,0.094624,-0.025968
-0.004894,-0.991924,-0.074071
--
0.067536,0.142190,0.231970
-0.002053,-0.990933,-0.072494
--
-0.041882,0.046952,-0.041759
-0.000923,-0.989327,-0.068324
--
-0.226578,-0.028387,-0.042149
-0.002073,-0.989455,-0.065770
--
-0.244820,-0.052910,-0.143868
-0.000775,-0.989478,-0.061953
--
-0.173058,0.047198,0.030326
0.001257,-0.985523,-0.058680
--
-0.030830,0.148668,-0.056929
0.005862,-0.986598,-0.057346
--
-0.137554,0.272300,0.056169
0.006178,-0.985280,-0.061859
--
0.045720,0.179330,0.092552
0.007502,-0.984851,-0.060923
--
0.103827,0.027968,-0.105981
0.007459,-0.988815,-0.061251
--
0.151094,0.015977,0.091051
0.005410,-0.990945,-0.064770
--
0.143879,0.114236,0.073629
0.005583,-0.992738,-0.067016
--
0.002993,0.120114,0.021319
0.004482,-0.994334,-0.067809
--
0.276061,-0.088922,0.190696
0.003998,-0.992491,-0.062947
--
0.324797,0.033357,-0.058959
0.004535,-0.993241,-0.053652
--
0.097649,-0.058879,-0.014677
0.005335,-0.993870,-0.050229
--
-0.170754,-0.040726,0.033035
0.006007,-0.989610,-0.046806
--
-0.154917,0.013258,0.046864
0.006964,-0.988985,-0.041796
--
0.109853,0.014818,0.081280
0.006313,-0.989697,-0.035731
