0.033112,-0.990601,-0.033737
--
0.019929,-0.962932,-0.083734
0.006302,-0.992035,-0.056656
--
0.020943,-0.965061,-0.079888
0.076843,-0.958374,-0.017853
--
0.019817,-0.967136,-0.078101
-0.009369,-1.032471,-0.101852
--
0.024204,-0.966462,-0.073466
0.024734,-0.999069,-0.092972
--
0.021621,-0.971539,-0.075650
0.001678,-1.002884,-0.069443
--
0.021861,-0.973657,-0.076982
-0.018707,-0.985764,-0.086517
--
0.020308,-0.975905,-0.076402
-0.012894,-0.989761,-0.077560
--
0.017307,-0.976664,-0.077180
-0.020645,-0.990234,-0.060837
--
0.014984,-0.977671,-0.077210
-0.021362,-0.999527,-0.093353
--
0.012243,-0.978637,-0.075950
-0.025070,-1.017365,-0.044876
--
0.009658,-0.980244,-0.077289
-0.039841,-0.984192,-0.092636
--
0.006987,-0.983100,-0.074796
-0.056320,-0.973846,-0.093842
--
0.003385,-0.983184,-0.076168
-0.038864,-0.988937,-0.078751
--
-0.001208,-0.982465,-0.077527
-0.055710,-1.019867,-0.081604
--
-0.004105,-0.982963,-0.077622
-0.035187,-0.977188,-0.074860
--
-0.008074,-0.985802,-0.077928
-0.021912,-0.962158,-0.090683
--
-0.010160,-0.985139,-0.077692
-0.015656,-0.997589,-0.081451
--
-0.011064,-0.983372,-0.078691
-0.020203,-1.015289,-0.093201
--
-0.011417,-0.984465,-0.078904
-0.012741,-1.000671,-0.084381
--
-0.012093,-0.986836,-0.080003
-0.027145,-0.999252,-0.087463
--
-0.012143,-0.987901,-0.080340
0.015259,-1.007812,-0.105774
--
-0.013297,-0.988774,-0.080888
0.007370,-0.999817,-0.050644
--
-0.011100,-0.990238,-0.082802
0.010483,-1.017502,-0.042587
--
-0.009679,-0.990975,-0.080329
0.033920,-0.978821,-0.033813
--
-0.008129,-0.993016,-0.077425
0.032043,-0.979050,-0.053574
--
-0.004894,-0.991924,-0.074071
0.012634,-0.970047,-0.018280
--
-0.002053,-0.990933,-0.072494
-0.015869,-0.990997,-0.035126
--
-0.000923,-0.989327,-0.068324
0.014801,-0.989746,-0.016144
--
-0.002073,-0.989455,-0.065770
0.025635,-0.938065,-0.019409
--
-0.000775,-0.989478,-0.061953
0.061127,-0.999496,-0.041336
--
0.001257,-0.985523,-0.058680
0.009964,-0.969467,-0.116013
--
0.005862,-0.986598,-0.057346
0.023392,-0.979706,-0.049698
--
0.006178,-0.985280,-0.061859
0.006943,-1.036377,-0.065186
--
0.007502,-0.984851,-0.060923
-0.019180,-1.016510,-0.106995
--
0.007459,-0.988815,-0.061251
0.007660,-1.014252,-0.093964
--
0.005410,-0.990945,-0.064770
-0.008728,-1.013489,-0.077332
--
0.005583,-0.992738,-0.067016
-0.001816,-0.970367,-0.004608
--
0.004482,-0.994334,-0.067809
0.010986,-1.002243,0.057892
--
0.003998,-0.992491,-0.062947
0.014938,-1.001419,-0.009155
--
0.004535,-0.993241,-0.053652
0.014069,-0.938492,-0.005722
--
0.005335,-0.993870,-0.050229
0.018448,-0.981491,0.018326
--
0.006007,-0.989610,-0.046806
-0.001495,-0.998230,0.037048
--
0.006964,-0.988985,-0.041796
-0.017532,-1.012207,-0.012299
