0.007762,-0.998990,-0.044251
-0.096445,0.085451,0.122745
--
0.014808,-0.998840,-0.045827
-0.035449,0.298871,-0.143056
--
0.018300,-0.998478,-0.052032
-0.171398,0.342975,0.174526
--
0.016633,-0.998516,-0.051863
0.082348,0.267010,-0.016431
--
0.003355,-0.998487,-0.054884
-0.119643,0.073748,0.317386
--
-0.003459,-0.997453,-0.071247
-0.153636,0.081430,-0.045773
--
-0.009360,-0.997199,-0.074208
0.061203,0.007418,0.121796
--
-0.023126,-0.996655,-0.078382
-0.009131,0.108713,0.242430
--
-0.038797,-0.996123,-0.078959
-0.043106,0.089267,0.167760
--
-0.049325,-0.995658,-0.078950
-0.092929,0.126073,0.190781
--
-0.055533,-0.994024,-0.093986
-0.063628,0.222230,0.004404
--
-0.044379,-0.994930,-0.090252
0.076145,0.262483,-0.211100
--
-0.026918,-0.995742,-0.088168
0.025393,0.458014,-0.139940
--
-0.022629,-0.995453,-0.092533
-0.030734,0.260478,-0.018375
--
-0.031580,-0.995715,-0.086917
0.014091,0.153938,0.006513
--
-0.036287,-0.996239,-0.078678
0.093003,0.128064,0.028722
--
-0.027006,-0.996546,-0.078530
0.038361,0.129345,-0.084362
--
-0.009771,-0.996752,-0.079942
-0.081927,0.110926,-0.204155
--
0.000697,-0.996651,-0.081764
0.014086,0.190080,-0.109725
--
0.000562,-0.996396,-0.084824
-0.029560,0.247411,-0.031574
--
-0.001144,-0.996685,-0.081354
0.077259,0.224673,0.071726
--
-0.007833,-0.997153,-0.074991
0.269026,0.158375,0.086638
--
0.003586,-0.997415,-0.071767
-0.164510,0.149352,-0.152499
--
0.013978,-0.998062,-0.060640
0.118311,0.015884,-0.135778
--
0.033925,-0.998079,-0.051839
-0.005625,-0.064696,-0.364191
--
0.049081,-0.997425,-0.052299
0.084462,0.094624,-0.025968
--
0.029111,-0.999060,-0.032124
0.067536,0.142190,0.231970
--
0.019853,-0.999476,-0.025574
-0.041882,0.046952,-0.041759
--
0.018227,-0.999409,-0.029159
-0.226578,-0.028387,-0.042149
--
0.025500,-0.999122,-0.033252
-0.244820,-0.052910,-0.143868
--
0.029930,-0.998616,-0.043245
-0.173058,0.047198,0.030326
--
0.030551,-0.998074,-0.053987
-0.030830,0.148668,-0.056929
--
0.033260,-0.997409,-0.063791
-0.137554,0.272300,0.056169
--
0.030584,-0.996634,-0.076056
0.045720,0.179330,0.092552
--
0.025253,-0.997148,-0.071125
0.103827,0.027968,-0.105981
--
0.018269,-0.997737,-0.064715
0.151094,0.015977,0.091051
--
0.006724,-0.998905,-0.046297
0.143879,0.114236,0.073629
--
0.002446,-0.999033,-0.043907
0.002993,0.120114,0.021319
--
-0.012931,-0.999580,-0.025928
0.276061,-0.088922,0.190696
--
-0.009703,-0.999920,0.008103
0.324797,0.033357,-0.058959
--
-0.001558,-0.999954,0.009437
0.097649,-0.058879,-0.014677
--
-0.000601,-0.999994,0.003340
-0.170754,-0.040726,0.033035
--
-0.005836,-0.999963,-0.006248
-0.154917,0.013258,0.046864
--
-0.011380,-0.999890,-0.009536
0.109853,0.014818,0.081280
