-0.036957,-1.010513,0.058548
--
0.004479,-0.991428,-0.033928
-0.018677,-1.011124,0.057709
--
0.001292,-0.992896,-0.026815
-0.004532,-0.992767,0.067566
--
-0.000244,-0.994298,-0.020313
-0.037109,-1.000519,0.069336
--
-0.000574,-0.994181,-0.013553
-0.008942,-1.015732,0.034180
--
-0.003385,-0.994668,-0.007177
0.023285,-0.986282,0.036163
--
-0.003812,-0.996288,-0.003996
0.034180,-1.006454,0.024582
--
-0.001728,-0.995519,-0.000906
0.086273,-1.016449,-0.004501
--
0.001034,-0.996360,0.001054
0.028732,-1.028885,0.022751
--
0.007591,-0.997905,0.000627
0.041962,-1.016357,0.036560
--
0.009218,-1.000288,0.002329
0.062515,-0.974655,0.045303
--
0.011736,-1.001524,0.004962
0.002686,-0.957703,0.062424
--
0.015642,-0.999458,0.008065
-0.003235,-1.011978,0.035156
--
0.014646,-0.996246,0.012247
-0.032272,-1.059784,-0.007111
--
0.013270,-0.997456,0.014009
0.016785,-0.995590,-0.008194
--
0.009767,-1.002250,0.012384
0.015228,-1.022964,-0.003052
--
0.010307,-1.001738,0.010801
0.043457,-0.981491,0.006714
--
0.010685,-1.003371,0.009736
-0.001602,-0.982346,-0.017319
--
0.013206,-1.001688,0.009503
-0.036926,-1.003479,0.003250
--
0.012067,-1.000200,0.007440
-0.028870,-0.967758,0.045471
--
0.008298,-1.000452,0.007118
-0.024765,-0.980331,0.002182
--
0.005439,-0.997937,0.010068
-0.031403,-0.985016,0.002151
--
0.003116,-0.996583,0.009461
-0.035736,-1.016418,-0.005524
--
0.000461,-0.995693,0.008899
-0.024628,-0.986420,-0.011551
--
-0.002324,-0.997287,0.007790
-0.012741,-1.012299,-0.007339
--
-0.004039,-0.996451,0.006302
-0.008911,-1.012360,-0.002350
--
-0.004709,-0.997670,0.005253
0.030273,-0.996964,-0.005112
--
-0.005032,-0.998800,0.004668
0.053680,-0.954483,-0.004272
--
-0.002316,-0.998659,0.003915
0.002335,-0.991196,-0.008347
--
0.001991,-0.995261,0.003286
-0.006882,-1.014862,-0.034851
--
0.002018,-0.994948,0.002391
-0.026688,-0.964905,-0.088715
--
0.001333,-0.996480,-0.000474
-0.024048,-1.023315,-0.045807
--
-0.000822,-0.994051,-0.007262
0.007172,-0.987854,-0.037933
--
-0.002609,-0.996302,-0.010227
-0.028458,-0.983780,-0.039246
--
-0.001857,-0.995652,-0.012358
-0.060013,-0.992767,-0.054230
--
-0.003903,-0.994739,-0.014426
-0.020798,-0.982086,-0.041168
--
-0.008219,-0.994587,-0.017488
-0.012970,-0.984848,-0.077606
--
-0.009187,-0.993626,-0.019310
0.002884,-1.014313,-0.107834
--
-0.009478,-0.992951,-0.023794
-0.025269,-0.998230,-0.078568
--
-0.008527,-0.994594,-0.030259
-0.036148,-0.981659,-0.047226
--
-0.009815,-0.994874,-0.033975
-0.039139,-0.975616,-0.042358
--
-0.011840,-0.993857,-0.034994
0.043365,-0.964767,-0.058533
--
-0.013940,-0.992454,-0.035560
-0.025314,-0.999786,-0.052917
--
-0.009532,-0.990324,-0.037328
-0.050354,-0.995987,-0.050186
--
-0.010746,-0.991052,-0.038527
-0.014328,-0.962616,-0.040283
--
-0.013793,-0.991432,-0.039424
-0.008331,-0.975998,-0.066757
--
-0.013834,-0.989215,-0.039490
-0.015656,-1.003006,-0.050812
--
-0.013411,-0.988198,-0.041587
0.017700,-0.980026,-0.082306
--
-0.013583,-0.989337,-0.042297
-0.006882,-1.013901,-0.036850
--
-0.011177,-0.988621,-0.045374
-0.037582,-1.015045,-0.049927
